9446
1485
24572
7128
44111
25653
44473
35498
10530
18119
43264
19860
20652
38125
2083
45741
48437
36708
43748
6615
39703
44980
39319
47094
22592
897
23003
4526
31253
18581
8389
22141
17582
6326
28480
29124
13722
19116
28630
40505
49257
25508
33149
10332
21213
42468
38648
49734
18670
15152
22693
22546
19413
41562
29501
18586
18928
26835
16037
16048
15908
33976
16459
4554
31142
13786
12744
11771
17676
43483
32234
36678
5730
46633
16741
14413
7059
25624
33859
8232
1399
14044
736
5
40620
41249
33065
14976
20626
18979
15982
17048
761
47441
11656
9158
8222
3388
28565
4033
25054
17267
36570
19358
39011
27061
17286
36106
20269
17932
37533
41908
18226
35809
20819
35498
21514
34846
25737
6764
15065
35914
1790
20146
35
2959
4895
1557
28749
41304
14262
33410
19567
39114
28877
23139
40035
46918
20809
11955
49860
3689
47998
19536
26189
21216
30786
33664
5222
39870
30961
23755
9765
8458
25888
26585
10234
7169
16089
17465
13499
6903
42631
16016
10447
8934
2929
2715
34604
19175
45881
35413
20336
2517
29919
24105
31198
24579
1382
33096
40260
2459
46517
39509
9795
13977
16303
6242
35014
49980
5987
29606
16856
29897
49945
7761
41025
38396
30450
22400
45997
26028
34782
40013
8604
18203
6271
7679
48662
9206
1959
48041
42077
40291
24107
31405
185
1440
13433
19804
28981
27886
25030
24820
39929
13219
35269
25964
22227
11090
32264
20130
43210
43294
22148
48109
45262
21189
420
6722
23095
39337
44358
47859
16908
572
21537
19421
3744
23756
43717
41646
16869
36863
43792
12576
36680
14194
21084
40511
5355
45171
25638
27746
41127
19540
2960
4029
23723
37071
38657
29868
9586
689
26776
7091
20689
35026
44608
5858
27238
4993
5786
36865
12316
33713
40806
36091
9778
34432
25657
36369
24228
25581
38380
46493
25445
20340
9460
38085
34568
41096
1358
7182
47694
28521
15360
38169
14465
2478
41372
443
6376
17442
27788
9630
34270
19103
21374
6926
38950
3570
13786
44595
16485
9964
9906
713
15265
3720
19971
17705
43093
40307
27229
2141
11572
19920
33908
43538
31529
153
4007
4168
29948
21851
35645
5884
19785
44808
2368
28468
38166
28526
2647
4944
36506
31598
17393
37628
7965
41390
39560
37459
13167
36469
7734
31035
5499
12508
32480
25407
13418
32741
13882
20419
28773
985
43141
30645
8450
6509
40862
5406
10074
36272
278
33421
25461
46510
33372
15697
1362
48900
40063
32518
43884
34341
25620
47685
46062
48788
13220
36035
4002
20621
28668
4860
4661
8498
28815
25506
1603
30887
27733
25883
29582
12066
38265
27904
37673
7897
15160
17225
22743
24684
9221
25297
9187
14534
8162
45727
47918
23814
19091
45404
49026
40523
38476
42960
12262
19094
12452
15945
14654
47287
18680
35700
43984
38547
45331
38415
3887
10121
22843
29119
17669
35094
14926
11543
37523
16033
45972
44071
27492
38056
4363
37303
26871
20682
12925
5162
13474
12565
19884
26864
38836
32724
15081
42316
45624
18437
43502
34790
19391
38867
9611
39987
37337
48539
15804
3315
31944
14027
14497
32003
24290
40047
35440
11216
42581
19346
17977
36583
14857
8943
9449
35012
28572
16380
34770
44767
14123
40603
46301
25627
46547
31458
7025
5206
8146
7364
22875
48844
42750
41237
40031
11858
21174
8202
37646
44777
46587
7535
47276
45300
7788
35314
13760
23051
11109
34249
20061
45468
11634
4215
3348
16884
21869
20545
6861
20011
18332
25739
26219
23518
15253
20227
33801
36686
41393
11311
14856
9994
32645
16519
7930
42321
42165
49473
31991
30217
34107
23554
33864
11090
43648
26210
18614
43489
22653
34419
7148
6385
19750
18924
28449
1221
42029
12865
25476
40617
8423
7680
5099
20036
15035
784
6280
4221
18265
37156
4256
9638
17327
45644
22697
1757
25412
43216
37802
35013
1765
38514
9007
1749
5691
46390
9165
45629
49754
21015
7416
11028
2913
3540
6291
45518
18098
15079
5968
19591
41612
46903
38848
31889
14404
38212
41118
25503
17259
21912
24162
12891
6899
34139
42623
2745
2807
2997
20875
895
40991
20983
45916
23898
23531
40221
20290
23482
13072
22394
35752
7062
42303
19308
20537
15923
17037
3551
34278
30647
16651
12449
7949
4595
35737
22902
41700
39229
24022
20197
39990
9843
13002
42745
7194
12264
5016
39240
49565
28238
4582
49180
18960
3171
45504
16807
43191
14825
19553
43352
11183
31182
36399
41539
31185
30357
11423
9603
49635
11088
8614
18826
46861
486
2776
23534
39496
33930
701
43109
10789
13271
3204
32673
28179
3974
22256
3817
18679
38948
5917
34333
44368
43360
6257
15658
39062
15573
3201
32476
18954
8694
10094
20934
16649
33155
22274
6582
47665
40608
9635
34016
30180
12134
33571
28924
1833
26610
43341
41799
27376
19108
27197
42793
39118
49171
43685
44484
31798
36316
9199
48920
15772
6042
38761
32657
34494
34019
18711
33105
26284
44095
16170
8870
8911
39843
35023
17061
46041
29742
5526
848
63
21242
37891
9949
1381
13586
36417
42228
20873
34554
31573
18373
36015
44309
47035
12347
41414
19705
22437
44840
787
28471
45273
2905
26639
24219
7150
34351
2925
9419
8957
7609
14727
41980
43507
37615
31387
517
44910
41261
8566
34718
28856
4353
23710
7224
42350
30747
29925
9153
20311
18864
41301
13712
10567
32010
40392
3288
10954
12260
24958
40245
35427
39135
11792
5620
39457
14964
28219
40991
11491
19151
13920
36250
23192
31029
35653
18861
3205
13055
28806
12326
48049
41777
43998
24537
22183
21233
35624
42011
22788
5520
15214
45178
31872
6962
41008
35267
12407
22954
43698
31324
16022
46240
29632
47101
5802
32192
4983
5536
1713
371
35076
24371
49420
49603
28704
31460
28593
6852
25152
9891
31404
18626
18515
12394
37536
46211
1383
7585
42135
20124
23538
16340
22743
19557
4303
1375
31610
25792
34020
22618
43742
14892
14441
20657
34397
26393
44932
10400
48853
1572
46591
13927
32596
15985
25419
42709
7241
39745
49706
17496
12228
30484
29308
41106
6420
33422
11048
1969
19004
27806
40384
9022
49167
15669
44374
26349
37212
18789
14299
22039
551
35552
37833
5628
25378
9063
6463
43402
29808
18147
10036
482
25784
20300
14377
1892
20511
48785
3662
47817
47213
9644
39709
17439
5682
22149
8845
16221
32902
44869
43898
35887
1066
1571
48640
27158
9776
34645
22688
7516
28572
29395
3353
22384
47710
29725
10493
7440
40392
18126
27442
36614
16174
18007
31789
30328
49040
8144
4450
27083
41154
48296
48728
41440
43709
23651
5843
4363
6452
43799
7751
21613
16065
24235
17346
45277
5187
48158
23654
30522
9220
12353
32174
23412
7412
15194
13346
16094
14034
48625
20030
20616
47553
6400
15170
19032
40635
15270
4600
30577
45595
43517
45721
1203
10160
827
45531
29026
25150
24816
20133
8218
12411
9186
30060
32386
46111
12961
28927
47842
25313
46386
31224
6137
3013
44682
41672
3110
28483
34281
3628
38946
3479
28198
47891
27187
4006
49432
24232
40682
22699
44084
20609
6144
13571
5078
1888
16509
16467
7143
1670
31705
23065
15723
5177
1881
28903
15798
40832
41317
9176
47665
7656
48677
14330
36162
15812
22171
38742
44356
21612
40817
32121
14287
45496
12081
21761
3486
9127
6614
1564
1250
1467
8941
47594
27181
41393
39208
34467
9227
35949
39738
39122
6975
47016
4466
8522
21717
26522
43490
47574
17474
22073
9144
19262
37058
32483
32957
20579
39663
1177
32944
34468
2059
39860
13808
35453
24521
11643
49794
47851
33250
35197
41746
33071
31651
16582
30320
30193
45317
9943
15859
38508
18284
26326
33195
1030
1714
21094
35025
42405
43234
45979
38214
16399
26287
21469
23552
34278
10601
6879
12711
21970
36264
45276
26136
13716
3752
19137
39163
2442
41454
9948
49205
24749
45241
1175
37052
26004
20901
30474
4792
10295
10832
18382
41475
49318
9073
42268
1206
4707
29922
21277
10134
49747
11921
19600
45132
7976
4047
44506
16129
43379
46888
3271
39042
45179
36761
33700
29298
32572
42005
42088
34966
22816
11162
11137
13792
24866
17527
17037
32209
22166
40643
39297
44366
42777
8236
19963
29028
20335
46110
10653
12636
34197
34771
6390
33762
974
33438
8712
38592
8360
21406
28046
12679
39924
49167
42584
38001
41490
23842
31405
35300
4265
46941
24818
1154
2294
33222
10028
28218
24758
18983
45037
47121
39950
31049
10409
37657
32516
7483
14741
13410
15496
382
5666
38631
32932
2177
6411
37375
40784
8359
8963
16180
46598
19299
33812
18943
31793
49170
21217
12745
34068
31466
24436
43759
39718
20718
14672
19634
11421
21115
5848
32418
39566
14529
12188
34260
10303
21611
43771
27798
48762
20356
14977
21581
2304
16803
26847
47095
41801
23299
21352
24845
37260
18409
17980
37952
19749
26795
28657
11417
20435
36100
31643
3795
47839
4187
30206
35963
25408
11440
18195
40766
16339
46567
39689
26209
8737
49227
30812
13131
42532
18104
33729
40642
36862
10756
9434
16789
31707
1535
8787
13852
20523
25979
3657
34794
2712
2969
35217
31179
380
43165
47040
30417
19731
29699
23184
33926
6973
48358
23898
44365
1572
23722
19157
13375
29723
16498
28620
4292
18208
49875
25195
19296
24721
6713
24902
46819
14577
9932
6264
7207
13197
19754
37721
40902
15156
35542
5810
20235
32921
39616
45425
13830
19550
45266
11143
46055
46254
5577
34290
17227
38376
12179
48028
18986
43179
19574
13351
26803
37301
38312
34223
39913
7876
27812
25563
35911
6310
13854
25715
18488
6032
9124
26598
11489
11822
30792
22685
14746
28370
20189
4603
34029
6370
39467
30837
21588
24824
8415
9034
9892
15847
49824
10395
43402
40166
7943
306
17706
38256
32170
44999
7902
6863
30406
22931
47951
14028
28445
44395
34163
44985
35478
33568
13129
35866
7503
29595
8162
7658
14925
36910
30980
12648
10201
25359
29581
36789
9777
15914
27848
29269
21901
8482
4642
26669
31244
4079
22224
33721
24115
22378
18702
34013
37237
14757
49452
21377
23791
673
41224
14350
44492
46127
26095
48497
39326
1048
20570
33234
27944
21672
41722
26212
42710
45821
664
5433
46040
29644
15393
33447
17989
19159
3237
47580
26884
14980
46954
16670
47034
19832
8868
17643
48737
4776
42107
21241
9101
27188
3102
18880
576
17198
24661
6406
44674
23635
23384
31393
11082
37242
33550
45307
150
47309
17165
10819
29039
17106
49177
16945
19982
3600
6234
472
30446
21718
48074
19128
13628
29397
35125
6021
16081
43843
45177
15830
37512
44740
21992
23074
19309
42934
4612
16514
16593
11822
45412
16412
24946
5634
31967
28960
30451
37838
11402
32814
30379
18957
22973
8678
19912
20705
14983
46553
47180
29153
36166
6648
36210
19462
43995
20733
33146
10586
40111
14827
34193
43684
972
11009
24763
25403
29640
11769
23383
27023
44758
19037
36
22946
35976
37911
15805
10102
18521
1252
26286
6055
41486
37545
48903
8803
7243
10165
4134
47067
45149
49874
8985
16172
21317
10848
33486
1421
43145
17905
48939
32241
14203
8718
47479
16599
28349
8425
5805
34226
15472
5619
33119
5607
6232
41267
18794
20650
20164
11368
20062
958
48865
42777
46656
8718
7524
23797
41876
45225
15512
13607
27087
15507
41524
32697
18922
26559
17189
5631
20422
36408
44333
26797
47054
49733
8615
3398
14359
25062
44927
12849
8586
24158
28881
34013
4036
25987
40749
30074
35643
20903
26214
17405
12922
7478
20151
44276
43311
18660
3624
30226
36230
41264
21108
21655
8699
20346
11345
34186
46073
11181
47643
22298
47469
118
35858
23078
32096
36308
14234
8844
41179
7609
26818
37564
4213
29699
26733
48279
39721
542
5714
32218
19220
21763
30572
1048
13361
2025
9261
45066
29322
2601
43721
19705
42092
25109
32696
25815
48468
42887
46684
24251
30512
16884
2913
2537
26058
45344
5835
12764
32502
992
35879
11532
44388
47790
34599
20687
9610
29310
8322
22874
25793
408
12874
49280
42209
35528
35404
4121
28601
20325
33827
25224
12561
4926
42587
4635
8894
30019
36614
35217
13012
48397
10166
27573
39809
23837
34053
7080
8051
42805
31904
17241
3207
22391
35172
1038
14881
9032
39687
49947
17021
1169
24764
38976
17270
2333
33705
37880
49893
29002
20929
31689
33940
10420
2129
21790
2308
44348
2513
31848
41457
3434
10984
22868
41155
8705
34451
4634
39520
19924
21259
4994
150
6028
29744
35928
23411
6681
39230
37123
8201
15307
10464
20300
22467
46500
24661
37183
22782
18845
2135
6143
49490
33782
11438
18905
8337
46616
24348
23838
31008
9832
4822
44424
26574
41783
25906
28457
13792
29312
17412
3049
2732
42673
36867
3761
11085
15054
38106
19852
45768
39325
26291
27401
22099
32270
5224
47399
39283
40603
19633
3128
11016
37897
27713
26765
8424
36229
22747
16965
24448
38096
6383
4084
48351
33053
3426
3900
20994
4916
13861
35223
22002
34720
47748
2973
38991
8949
23383
47309
2565
37909
1780
15939
26267
46064
34023
43924
10494
36171
46374
41528
23771
22688
12728
33081
48426
1531
9950
49577
12535
9305
29523
44219
35021
6061
31876
40856
21938
48278
2780
27554
22683
45370
47130
17556
43261
47292
19718
30204
3819
16873
48675
43717
2788
49514
36310
47306
14037
2944
19366
33764
37940
45368
36922
18835
28362
7857
40659
38196
46501
29065
45658
40470
23099
34918
45345
7553
33419
34266
4247
12580
34711
34171
23444
35721
2087
7125
32762
41969
13066
28288
3411
32433
44876
41818
28508
38466
17994
27784
11219
25680
48255
34755
10639
23301
16185
21316
32468
22791
30048
10057
41602
15619
17208
46273
424
25374
4278
13615
31948
11511
38411
14410
12164
22469
35714
33333
13466
20118
2056
43501
32619
27839
17144
33105
13967
4407
14137
34296
45189
19301
13117
48896
15347
48318
45620
49603
5756
46164
5244
25119
41647
21862
2140
14447
42446
5636
41384
47906
46521
17277
44491
23901
25453
10259
36090
5954
29968
47829
17602
19037
8640
48900
4000
1004
30575
35817
8185
10011
24466
5102
25674
25523
3907
49567
15800
28894
24463
28916
31636
39047
47070
22329
99
37354
40194
17749
24250
12848
26866
38369
48895
38562
7943
7725
21120
2573
37266
10083
18164
8391
42217
49144
47802
43457
25043
6395
46389
31609
45580
2483
4458
27866
24352
22836
24389
44355
14229
36506
34675
26514
42534
17026
5368
20078
18889
4179
32819
5243
32408
44034
15462
1025
21975
25709
47397
4899
138
30513
18583
7107
32041
16841
324
49549
37692
7657
47502
17092
26064
28862
16567
24617
22069
33918
36904
47151
41173
36716
531
7162
34958
30889
49959
11247
28492
28182
41787
38383
39348
17283
20591
42799
12361
31243
29585
12965
15454
32570
22945
39287
33926
29035
2312
44927
3729
28725
9287
32034
42113
23280
1479
16826
38554
48425
6930
3060
4837
17328
14428
7568
36969
46014
20920
40632
22570
18837
4734
14486
37224
1373
26318
18991
5298
48216
44963
15945
31391
15084
12317
34835
31444
17514
24929
38863
37061
35122
19340
19802
9065
45758
22289
31547
47781
17736
23445
49183
34293
29408
12248
26768
26048
42724
1870
1336
46709
37409
1025
15781
48555
35743
29593
25595
43463
6501
39007
26216
5312
26029
10813
3235
16582
34455
32591
11180
20019
13138
1729
21163
45417
17409
3410
41413
6431
11138
7718
42234
30765
26608
6595
977
39185
1851
11438
7349
49588
31719
6834
10511
30026
5222
33879
11805
14363
26636
46511
31172
19596
43958
32544
32847
26937
37862
7572
15491
38391
3555
41431
38363
25552
44899
23984
5848
43307
10344
10736
29929
43445
31253
17317
3224
14804
36816
15988
37624
984
29625
18173
27950
14246
46205
43374
10713
18832
28748
9362
22572
39762
8313
9237
40282
8676
46044
14690
28367
26836
1614
39180
43888
32936
34099
49139
11085
12636
33547
21310
42961
29792
29062
49110
39055
20764
43303
10735
10041
21495
6268
29744
24656
42856
42638
15533
46113
4227
27410
25961
46377
23492
37944
14274
48145
31820
17551
13651
45225
5978
33548
22797
8682
17308
39541
10393
48478
44414
16299
23216
21573
49969
8691
23239
6078
17052
33009
48901
41835
33920
43968
9812
6291
9051
29594
31040
42700
28254
11518
807
46841
26833
6311
11751
44590
35804
1733
27075
5121
15363
19457
15992
15762
2127
15136
29620
22723
44840
11386
13059
32460
5191
15553
17754
21327
43471
919
21441
45635
43209
19819
41518
43546
14592
9979
42998
18034
49761
49432
15666
28095
34503
43359
25429
41245
47525
45066
16308
22883
4347
15831
15512
22073
35137
5716
37701
28373
32228
11684
44729
39915
14915
32868
17146
32235
46682
12298
20714
425
19599
18422
2069
20167
38125
46226
1131
24296
20217
22338
38813
25221
10348
37638
48828
6473
15017
2998
39170
10686
37311
26083
3558
33512
14502
14839
5302
34427
42093
28636
44773
43507
6097
31311
33338
25242
40273
10685
23613
37935
24401
33598
42628
36623
3388
33277
49100
9365
20347
15781
636
3309
11714
13226
34012
45741
18808
31759
40247
16142
6333
25716
37854
32750
2564
20985
7968
23699
17899
42953
23505
15808
14155
34835
28343
18847
14859
34537
23420
19051
35349
42098
46103
8060
40259
13794
30503
6111
9525
4375
19158
1219
17684
39305
28783
32325
30686
7674
27635
38808
38208
47611
11277
25455
10078
39455
24460
42089
43897
31018
18662
20888
42013
32071
3032
9642
33572
46253
34310
48611
42568
21694
44473
22370
48403
27936
1669
13869
13229
25159
35176
25026
22545
14712
1433
11831
5712
12568
42444
33682
36251
35744
7042
29381
33164
31203
16183
49346
41050
12187
39242
19630
40568
11538
34351
43013
2318
27994
22626
22014
3626
38641
24637
8617
6822
28912
6609
38679
14194
13075
34906
37775
43933
691
11460
19648
18552
6851
45097
47503
7348
3731
15773
24876
18557
24228
29561
2176
18858
12503
24142
3457
8635
17773
13137
3927
12976
41547
28706
6438
3697
37977
39513
44444
21097
22456
18649
33684
16823
49941
41494
20695
47266
33960
151
48614
28955
11806
3417
30344
18280
26675
49951
6722
4613
5542
25157
37963
32524
14727
34813
24839
14611
41509
29877
10962
14591
21426
26550
32824
24499
33572
17481
32257
49955
38699
31960
6348
19860
3873
22288
30368
17281
19449
25436
19928
42178
30996
11729
7883
36757
27697
30943
46881
49495
38824
35270
30830
1860
34133
48024
44018
43075
38547
23310
32470
24934
12559
26330
16028
24686
21614
12938
32983
48296
9128
20586
49561
48151
40755
29957
38532
12441
13528
43173
3472
25260
138
8060
41715
48204
34105
42228
20866
3973
482
8285
33515
41528
32076
13475
45503
10221
46294
38415
40923
18635
38006
21123
27534
12204
32734
35651
49260
16089
13993
28464
42697
43119
11994
23901
36332
32398
509
37215
22826
9351
8182
11803
8470
14082
41797
44661
37438
29099
21707
48304
26790
26073
25631
15093
733
13056
4148
35940
27501
48190
31895
43286
11176
26355
27069
14567
2999
17565
45484
29019
11168
40940
48167
49049
43184
49069
48247
41767
22565
40216
48269
32583
2461
6322
5108
45137
14065
17764
37384
22695
38768
24086
14199
2331
39533
1345
41171
18083
27727
31090
48706
47819
10430
823
553
41804
4028
39881
47956
36207
6969
44415
48238
45392
30140
9498
21344
34058
45686
5044
7115
45873
41055
17307
12699
39097
14427
7351
43529
30592
37173
36869
44825
13869
5328
5234
1070
27090
24643
31081
8783
19450
38600
6083
47731
8729
316
39644
40862
29789
28192
7505
4683
16580
18791
38326
947
35744
39824
27272
14359
18691
28338
32091
48920
49374
42418
35663
36299
11920
34488
3351
19286
35180
30765
17727
3549
6355
11449
29616
29800
44695
8202
37438
33363
35767
732
24810
18950
6769
4058
3322
3163
7516
10450
20872
37664
47414
8938
13384
49346
29011
26991
37386
49403
11586
24608
8299
18409
9881
30602
927
17095
28248
31774
47654
9882
32763
6265
27570
19588
11770
20701
49698
27754
22968
30875
27387
44746
5816
8964
44270
43820
3165
26782
48544
7275
4438
47124
24009
2598
32881
33930
1261
27915
38724
23201
43211
3510
29633
34193
45036
41584
15344
3923
19685
11856
7882
32736
34041
39576
42470
35419
38311
315
20106
32456
19116
28822
17186
32439
31108
8202
36991
3611
35930
39975
21997
28868
11537
42804
40097
32347
15971
9503
33843
2134
45574
39611
43164
49885
538
20027
40393
47401
41998
23263
37448
48147
27274
12389
12823
16240
868
48940
41615
7541
15268
5924
19106
21557
32939
49135
48953
20119
39740
29869
5311
16657
22198
48616
31940
17568
48802
12305
8707
43601
34542
265
12313
10535
2325
45110
525
34103
39960
6888
47815
24711
11086
32791
36737
35007
37511
32702
23087
32707
28629
8781
28997
37526
44513
19124
20713
32864
23001
37558
48773
8800
15280
30958
42215
25101
32715
16006
21435
17606
14722
41346
35497
23458
31663
42291
41143
2862
41488
45964
36029
31601
21293
8889
33311
24061
28251
5808
22535
49755
36740
30165
47863
1447
24424
16504
39326
13912
1746
1010
16232
3893
42084
24144
12217
35345
17173
7288
4889
39394
14334
28140
9642
10474
28628
27718
26630
23617
43685
40299
31303
21299
26883
42387
42093
4193
48053
18888
34032
10119
7870
1933
4953
27524
33169
33020
30179
11172
22452
191
47130
49982
32469
10205
15066
35761
33535
7481
21386
27909
32984
30683
7189
23578
7575
13502
5204
25098
18707
6510
8404
47191
20851
24308
24288
48021
23005
17417
41731
27416
1412
11437
16676
32175
20637
33971
38009
13470
258
26113
40353
44010
6241
5951
37024
26965
9208
46440
27924
30087
24230
34240
48419
35522
23721
9040
15055
1895
40685
29421
29426
4681
45936
23255
16676
45520
48118
29018
16277
46041
28415
17558
21074
2449
17151
30321
26177
5330
7050
14588
17333
29976
31144
43092
26763
12220
13087
25240
40999
114
10651
38981
7574
19734
34325
32100
9777
22910
37765
30849
36031
28387
3653
35621
28503
47915
48470
9386
21174
20949
10075
21821
5445
29410
24980
21848
8117
46800
1759
49901
43513
34385
30974
44345
30555
18
19200
6983
41845
3653
25610
47617
11952
38860
32620
19609
29041
14060
19007
26871
99
49049
21174
38167
2957
8379
1865
6072
14487
42500
41949
140
1649
5905
21499
12953
12138
39417
10262
45837
20751
37036
8514
21896
14793
34394
7644
38412
30654
44897
28641
26549
20724
42073
14151
27029
17648
38323
36875
2440
22372
47530
31375
41507
28595
32225
15918
30647
18664
9930
46761
10849
3957
1587
35630
5085
46351
22483
35166
35603
27146
10460
19467
30148
46243
41609
29170
12422
3949
49582
2881
36473
12840
42139
5895
25143
28905
18372
19356
17603
31322
31556
29433
24931
11056
21794
29675
33417
36540
34051
22980
38482
37003
9469
13968
38343
37499
12459
33938
26820
47628
20320
28823
30539
3508
38098
31818
8852
23908
16437
31480
35195
27452
23678
43553
6137
40269
33954
5445
391
18651
28082
2169
441
7565
2073
35121
22627
38021
727
44227
135
21049
15827
9148
38242
41122
5222
2071
4490
6498
19710
36515
15039
25206
40425
13757
11661
27471
22556
38457
4691
7333
42315
1559
46807
18167
24420
3156
33446
27280
34751
9978
8633
27603
43249
3892
42425
4129
23615
4246
10593
39071
2689
15481
5207
37770
27820
11003
37935
39806
32606
26310
40210
1389
34382
46514
42011
6473
35541
10158
9449
10823
40152
17156
5659
33146
6409
19340
23848
735
10710
13034
43164
4979
39063
21451
16934
22190
23670
12812
23653
29116
14895
16611
39242
40323
4464
6392
28108
28597
3825
18075
31847
32103
24470
40948
15727
37608
32822
15460
27644
11186
32288
33500
23762
38503
18579
36727
16416
25369
12628
43430
4525
49589
11970
20858
28225
25493
34069
14786
48502
37113
48604
20511
37062
38193
10693
24956
3766
3514
18290
44140
18824
25143
11956
10152
37959
49513
19493
25363
40385
3942
38204
7683
31290
42174
13380
19142
22696
44732
7379
5058
40277
42811
77
32581
1577
38855
44538
49062
6915
24624
27989
22767
39289
13938
43668
47499
40930
48037
27470
503
9985
1942
8821
31640
39746
32513
49909
20575
10025
45731
18145
6582
545
19123
31367
38348
45451
38646
9214
15311
4479
21886
22164
29824
44135
43636
44079
20841
30150
16408
18872
38690
13574
29997
34523
37270
61
2460
49641
35399
7219
31723
9714
42473
8823
28144
45148
46629
45115
13578
32730
46175
10675
30326
1879
39795
5325
12396
32079
25231
35375
43602
37070
25290
21332
26751
3601
20272
17453
5466
41900
16058
21259
23589
47535
19078
11060
13796
12910
2252
28924
44925
2844
20713
15488
37497
28364
30766
24132
3471
20100
23224
36605
30336
44230
27085
30900
17337
45258
20541
7237
44540
18338
8144
5037
41388
25500
35361
7951
25248
9206
41894
16219
6436
43405
46326
11882
48487
26046
48460
7190
45678
1533
839
26916
49809
29711
7697
39243
46759
5783
6446
42189
38524
37101
42610
4458
47488
17240
46798
23997
7932
11776
31488
38841
24931
38420
39087
387
15661
47484
12894
40998
47903
20531
11513
30470
24321
35010
28005
40493
46944
35951
44997
36174
46779
34695
5166
18964
25176
47138
33660
47878
26578
35431
37568
40605
21807
30393
186
42154
4701
26485
45203
35622
42851
28334
9669
33632
20766
26552
3649
40992
35820
18728
13992
24228
17895
18916
20287
9525
37782
1200
31459
41418
43349
26552
30446
24948
30659
41207
31486
49479
243
40909
12289
29681
1518
4894
8143
32024
11793
41185
23760
39353
6213
33446
18366
32363
34415
30741
44815
22713
38179
23646
32186
31042
7620
6320
23010
39069
3598
48799
37518
27290
46314
40074
24144
36142
8345
20660
46882
9580
12566
33797
308
35151
30343
47209
35617
42210
39857
17042
8900
11773
22920
33545
26981
35617
5341
11226
20593
766
11420
13113
48373
41740
6375
6824
49617
21776
10181
13489
21657
1899
30472
14188
23896
44571
9432
47649
43992
49736
30364
15214
47868
39089
46558
29954
23292
138
4125
10550
147
18686
10860
1128
39799
38280
26103
15393
18941
21259
7415
43926
39946
11810
7436
12646
35830
13900
29907
24218
32145
37199
46834
34685
10601
24615
22890
1648
15512
16015
46699
29000
49836
38954
41463
16398
35579
29400
39279
42263
29723
30505
34122
9682
47601
13919
7797
41536
4551
41942
521
3719
9467
9084
49979
25131
19078
3602
6816
36222
5801
1795
28695
35534
4203
2972
32417
16619
7397
44886
26568
2448
7830
46604
49413
27930
35133
3797
10999
23308
7944
24764
14577
31694
23800
33314
43415
19555
14250
23144
7775
23757
18253
4670
27835
21166
27430
25207
41353
44807
10894
47460
38368
7234
41395
31357
32045
5493
19299
1801
16146
6995
28168
6920
43056
39830
34603
30196
7862
20217
1677
13669
22843
17643
24678
41149
16054
29783
29196
46475
32836
42234
15673
23847
18167
17949
2262
41723
17360
47547
44079
16745
38324
927
37794
46734
17032
38978
8421
14049
35328
15496
27559
5380
38182
14500
9519
5656
30172
9934
26237
6138
26708
37907
649
1021
27571
10237
21534
48741
38448
3529
11459
22982
48498
19110
7730
42701
41395
9019
41000
43419
40170
29632
32613
22367
15266
35592
10513
45969
5213
35803
49590
34019
23808
30692
30387
19129
47560
1752
44958
265
25781
48098
46427
20174
36268
16081
23184
3826
28892
41813
38412
39500
14852
36352
29802
14044
7023
17135
24626
35290
9138
18847
10202
3559
19983
18863
36969
8069
43767
141
15684
45437
43687
2139
1498
7636
37198
43837
15703
32971
21792
7224
8559
49481
28648
39061
14220
40203
33062
18953
37287
39536
9331
42536
6241
26864
36126
39162
49907
13832
19179
1832
33753
6645
6945
18333
24615
26818
8515
42692
39001
48446
44308
21960
23212
30908
42989
22747
38373
15523
6403
47383
8684
38725
27635
27891
4541
12815
16176
28453
20135
1335
44817
1024
30900
42103
8163
10683
28328
40227
6703
6558
6550
3868
9579
39929
21377
7020
7916
49207
24642
25147
13007
20546
280
1415
5170
33839
37695
19748
33127
818
37675
17842
36400
24217
48969
13574
23605
14220
44555
2811
7683
19615
6371
27489
19400
14654
17326
46220
270
252
14371
31730
20324
9181
29070
7805
3600
48967
33490
22528
16717
24494
49029
1934
49367
11099
21697
48500
14376
2016
41985
41577
12830
21451
49089
39129
8984
30031
24698
28707
47920
990
34357
33186
5464
15373
43051
38576
28555
10963
36102
4900
23797
24177
44636
26517
35088
19317
14065
10106
13233
5412
46084
6953
23027
9044
31754
36822
9961
39724
48392
16382
6857
15651
45305
9736
34859
13830
428
49107
5084
34976
11790
48830
3731
18456
19160
315
15929
38955
25202
42492
32150
4207
9717
5860
14106
29218
13687
29005
35921
38340
22126
18078
19738
25305
18597
21642
45815
8643
18027
38084
48183
2250
33645
24787
18714
10462
27545
9093
45497
42132
4759
36872
300
34253
36966
48199
7230
27362
44473
47439
4971
25678
6456
6100
30723
31477
1974
23985
35084
28551
32953
46945
31789
512
47516
46915
36277
38390
43916
40017
1247
43645
11711
23038
16290
40100
47389
8242
13875
32561
48024
29259
42888
38641
41583
21364
37899
21876
12089
1031
29957
3784
17830
27
6878
6371
44687
30127
46270
16497
33527
41353
11648
43016
18974
12240
28354
12793
29813
30967
42320
28539
32426
12459
37422
22702
25153
46603
29015
41720
11128
23789
15034
30011
11044
14709
42516
35013
26908
27655
700
39468
12466
37300
28267
12304
14211
30945
38457
14144
1570
14303
32713
5722
6227
1348
17171
39443
25663
40833
17094
14985
39894
41816
12188
25343
34507
30913
26771
44643
2369
33451
33276
7556
27260
22220
41307
45278
13452
11762
41688
41313
48105
23111
45928
9525
12046
36135
28761
21070
32609
11125
36071
32653
36767
29654
37657
2123
17693
35834
15908
5524
35205
22813
46718
21297
41574
45333
17829
40523
31235
31397
4726
45668
10681
26720
29409
4885
18634
33054
22884
13892
12810
24538
24485
14357
37861
22634
49152
29666
48588
20358
7107
9465
48306
12400
30945
11486
11437
669
33325
33655
89
46962
32365
41540
18045
35283
19458
22995
44159
45182
29238
44780
48866
49015
30463
29740
46475
39885
32804
17069
23937
36085
20264
36048
47423
42906
28400
7432
38582
18973
33021
24430
1591
31100
41499
9614
13447
40391
16235
24158
12129
26652
18910
39561
17586
5113
18872
16762
45252
35930
22191
14680
12532
25467
22466
19591
41465
39600
45334
32487
47496
38032
12115
11525
39490
31834
214
21729
34347
25515
30859
13625
33864
5402
49367
17315
37008
7932
23878
42706
15
19483
40880
7298
16503
41043
37082
32695
9819
28622
33807
43410
40064
44652
47791
35398
12412
40051
39947
29638
12712
24619
16424
44206
16717
10036
28129
17671
16834
4520
31019
36437
4231
42870
29415
22282
7054
7066
13095
49952
47632
34849
5764
47677
45812
46848
46100
8583
42103
15496
38291
39473
19360
31398
1823
48810
34836
6911
22430
2174
29114
1440
43303
46906
34611
46885
3836
15962
16397
22735
7206
45757
19746
23029
8545
37639
47167
32195
40829
37380
24960
37294
44908
28793
34841
34265
45167
38409
40578
48703
18468
15522
42501
16247
43345
22713
17244
19099
24939
12176
47105
33493
2166
44916
49648
41460
38579
6688
33479
5016
28072
37505
2852
46035
40533
13484
16377
40713
24918
43539
14019
10372
900
5577
23653
39778
43148
26107
39369
38463
28180
27836
3874
20964
39087
36125
39697
25208
42586
25244
47423
48118
48671
33772
47219
38030
24959
21338
43418
20259
25019
35106
1328
