68803
120960
135044
25598
84398
103130
119023
42880
116631
388
47561
103859
96488
109240
40665
51185
89636
105459
111207
97057
87150
120584
23410
137408
135516
147307
107014
90240
8802
142280
70239
109637
137519
122071
8342
125417
133939
139289
114823
129243
73979
26707
98919
52297
48761
45072
5252
139785
130154
72905
75513
43192
34047
134675
78805
71581
43569
78614
68405
115485
111071
108995
78272
134900
56017
117822
88737
80109
9686
91202
145514
25727
42110
6209
105854
53258
131484
129554
17491
120448
44491
17371
23460
24626
75585
108851
59197
92884
94262
55908
4262
51201
82183
86629
31381
3709
45430
109103
53960
131246
82043
19433
51992
31336
19331
86762
28433
34379
16555
46099
29401
4930
92839
109192
125739
29400
46966
60661
109641
114646
86048
128416
28417
18797
97607
6450
113348
8247
102477
53849
1200
32198
120077
86952
35392
88907
23517
15765
128371
54490
9888
63920
142983
70233
34137
10660
141740
125167
91620
115967
33781
73346
146069
145912
67434
84051
1668
140465
6836
104373
56801
78678
37001
78131
139085
53913
107220
138296
126775
119342
16819
23073
31027
134385
34550
73854
139596
58681
117177
33634
53608
105210
24942
29200
12832
59609
41159
20584
28254
36187
85916
22661
127216
109158
46957
122337
20390
33971
146431
37991
109903
18309
29066
127202
9873
30087
37348
36111
79061
113430
121034
107703
85173
108040
38711
95840
40899
116152
32424
92498
27603
8970
4379
27784
38497
54024
604
118594
42129
69819
107399
106445
139428
31073
115439
87113
14656
140403
74925
16656
11128
22662
76483
102637
80831
64196
88507
14193
33653
135393
66697
8285
47260
1245
74881
139821
67933
133279
52274
25097
144424
19901
119241
17242
58463
102028
79303
16149
63113
115385
75330
68574
16098
79957
76569
115666
24093
134449
131333
33391
47050
43113
64835
71000
143436
110740
91894
40138
124824
27445
139566
18748
141332
104685
132153
95312
1646
94819
56784
48073
110642
124461
123997
23739
30945
113839
133084
85165
127202
124154
10126
27278
48741
40800
76616
126135
83341
77793
145471
146958
106306
110690
70311
97230
112315
87834
3127
124465
81193
108482
144536
131106
15197
133169
99104
100295
28432
82605
112719
23303
117153
25170
115808
34502
82457
64698
42435
10398
111185
48499
41422
107375
134310
103589
3004
70073
16732
111183
121580
7900
45835
109174
139312
140819
83102
59533
93948
30597
84840
85499
98367
75245
110452
104466
137907
110617
136114
22235
94043
141504
27148
42079
105745
34307
124326
72629
37390
92221
62471
55496
45449
6751
11594
6365
36200
81782
101673
89830
6869
90209
71998
144610
135577
52667
34927
88813
100816
18504
125561
91689
97339
69478
93557
8504
105745
101885
25545
13542
119022
68757
111562
87829
103008
48445
115854
86048
38124
60378
115596
57968
39088
108799
74047
77871
64230
117434
104830
21549
33441
102383
16170
148051
122639
12538
108199
51233
12024
28157
70703
30883
43304
29839
84042
142642
113320
28308
42349
53810
97718
54682
101306
27096
97044
18891
15228
127062
48626
94518
23585
134948
98822
79995
53471
40572
132280
20650
86647
58693
138614
76385
144827
130327
111825
6760
145864
126797
137097
122726
119592
72088
33668
111195
44613
66476
111778
37377
142063
97970
6607
57638
137949
41850
11319
132911
131017
69582
36200
76154
82981
40439
63846
1090
65468
71513
100771
30090
98632
67385
83230
113004
138009
104763
126339
22505
81579
10023
112204
34031
55949
133854
74868
114163
97526
40780
50432
110350
19095
91611
67824
126208
41089
147459
23841
21017
16327
105202
69572
90024
126551
141607
121951
95071
15754
143457
107876
16129
146724
8126
91566
103116
114203
72959
42723
96294
21958
117990
108599
122247
118702
147731
74872
70662
99701
80692
42478
144038
75113
73669
92612
82463
77671
17385
15131
23916
591
57275
76586
146546
27169
66204
72155
105587
102115
20929
114698
102218
106932
4078
104225
28991
11417
88118
54457
118172
25289
125543
26293
47051
84677
109891
131559
60961
6955
44847
126948
85387
18158
136677
149618
73897
19926
85248
134956
147254
13648
1824
75274
27902
123466
125191
36124
144629
25600
125913
144955
30802
129354
46671
129841
142408
85197
113715
114238
118847
4866
122754
110655
10649
128779
7683
7034
27114
11472
22813
6996
122153
43436
116060
121328
99673
115594
18841
50588
19112
109620
99550
86040
51558
41103
37101
60364
51575
99439
27097
129980
58901
26167
69000
84390
10219
11936
123056
139859
133979
118382
103908
27831
37553
132646
109132
84133
44725
18422
110639
126529
12006
89078
121211
9244
109333
120751
57522
75946
41162
124482
24506
53331
128099
60145
90950
82463
85904
65068
144892
46138
5473
34217
85147
74306
137874
74353
133465
108836
121896
57413
64813
129603
33160
90605
83160
707
28081
120415
17315
100502
34699
50274
101024
24060
63694
112442
63107
45771
42586
58446
14487
37538
134296
136244
6074
72706
146676
68385
43839
8538
139796
69729
141455
58445
58860
1166
64215
34687
143508
91495
83281
108316
7748
53987
82371
114864
145252
106363
112146
53395
118423
52833
100402
48631
52811
5547
86018
128205
144858
118524
21989
55534
57071
70549
5342
59649
38965
73299
148150
127883
48144
103436
36421
14623
48523
100558
94707
98097
53516
16299
5273
75490
5621
17871
8664
47335
102059
147404
32498
31784
10543
83506
88768
61745
81758
142233
64382
82373
10708
132307
52741
26015
41035
48376
91778
41529
38682
22643
126195
117249
35350
62362
10025
81570
89719
110103
36135
54257
114036
96884
101267
144936
28971
21133
33094
96338
108451
25819
135578
136347
75718
23706
20772
36646
142172
85809
129370
1248
104413
144558
48371
129756
137999
87374
3481
39637
3812
11726
50838
41805
28565
14815
73433
42935
95817
136151
113491
20230
66783
126010
94609
132620
112224
10958
18649
37092
11090
108496
132823
62462
25318
129984
41148
105087
41400
7175
28996
35460
112935
54412
32550
73423
10741
18358
71819
16672
30098
85880
101286
25096
74303
98432
102980
132753
53785
53746
35842
72901
33021
78360
13067
131382
16978
10243
147467
33219
140632
72771
28564
147011
57527
145259
143630
53910
26793
144611
111922
8815
43852
90137
122714
64162
10592
34311
104698
3653
133391
19239
99364
93348
12544
104719
114036
31999
69997
139301
142480
81317
76074
113677
73717
134807
88692
47457
2220
112461
103974
138397
138409
44976
149106
141131
104346
23449
66487
7947
30753
8951
100756
30877
44691
130670
61963
76617
134888
24382
147030
23614
80274
56208
51859
91391
36631
84290
58957
3918
62888
6836
74068
1987
99167
89593
91934
149284
53309
95324
44468
23181
84974
94429
119331
24859
66619
120343
47246
25592
60537
133999
42373
10149
146821
12124
116203
89877
110371
70779
115598
1532
131577
86065
5974
60104
60283
33821
108904
15207
38375
52164
1820
88192
8371
25170
92362
28663
35558
73048
137505
40403
73105
115516
35286
127154
124591
54912
84918
108474
62969
69767
16505
114268
73218
51431
65144
20943
24614
51928
54487
7174
88308
141663
82881
90355
52909
5260
73136
87299
47232
135344
149913
124404
111859
35854
113534
6859
27941
112399
23601
77558
132827
133179
24104
32128
40453
60031
133415
101329
127462
28204
35049
105954
60904
101394
98660
8033
20163
74067
107633
91547
111665
98688
88584
51301
142047
103777
23513
62687
100305
82100
68292
91748
68295
58077
81933
140266
34801
132399
31906
45972
140726
109266
17938
100390
17630
112477
31390
136429
120114
117957
11749
38144
18048
133243
9150
40659
113550
99674
94379
105988
33308
106615
95085
293
59702
7609
104151
142523
64895
73787
27065
12586
3608
111571
5508
46857
9622
2965
95505
117245
13115
20013
39639
32
71382
38473
72780
83199
86932
36082
112647
112430
123145
66241
142961
143211
32807
85189
69481
21163
148426
60720
69274
138678
115770
76847
63550
106272
82823
114760
137318
20959
73052
113960
51915
134752
44428
134001
70768
63255
62371
83722
73587
123678
79792
125706
75159
128701
120869
146318
115833
106494
111910
56427
100530
8082
2009
9038
37086
102155
80062
12949
26773
127948
48985
7832
66092
132159
46286
47506
77229
103212
24520
1925
115415
59811
113644
146390
53424
108428
83342
143907
8155
141679
146283
10874
50662
118981
146639
27421
94098
94990
136235
53021
117378
87772
37364
42983
28971
70531
95292
98381
105019
21917
73718
8412
74827
75290
30288
142374
77367
81982
105039
113291
56801
107385
24328
59368
91941
35097
118562
94883
107668
30734
48259
10955
121844
68716
39660
103461
109005
63401
54756
138742
135315
30714
21222
84513
11500
24543
122880
85460
124021
4798
2389
51355
10054
891
118905
40655
102449
144461
7933
45767
90976
149426
86479
130371
2621
125106
104907
50473
118444
52986
15498
33773
87410
98917
133270
42326
102820
116123
131532
127549
50536
47096
25541
143656
15688
44259
33028
144006
131480
60060
111625
149819
48267
40922
15416
24185
132230
2575
97434
91043
42366
5032
121053
45209
140005
92353
148420
102017
24438
43772
39221
84076
7584
1727
90883
375
147062
38449
15455
40042
98748
32397
37936
54774
13990
77062
49421
98850
2789
124567
124853
18061
123298
119527
59257
89942
146159
89363
22186
56036
14392
75739
89810
140405
115201
126243
51522
61860
85059
42837
55800
67591
51189
52176
6004
36507
63113
35398
32135
111510
104905
122190
37546
122929
148731
113908
100418
11310
47567
27653
72396
131488
5964
138349
38032
69348
107704
129730
63460
115002
105005
8721
56646
129260
148181
38348
126583
61487
19000
122651
135451
117170
45664
57102
113709
122359
49361
125422
131790
144959
114463
107761
60848
36293
94734
27182
56688
84154
69823
117711
73602
49049
30053
110066
71341
128546
89602
70242
4726
136943
21630
6368
66651
60061
48358
118460
50645
71018
5861
46570
109667
107526
134018
139408
21142
10420
100583
19298
140149
115412
100918
90136
30325
101356
139654
101075
17898
112991
101292
105172
144570
55972
37481
111948
131619
130548
139252
123034
38454
27071
22043
116527
49649
112162
31342
69968
96520
131602
388
23087
63702
52291
16781
99447
75521
99557
113646
39087
76672
95517
27589
96506
135841
88807
134752
47313
64063
98574
82042
28477
64671
38747
103992
140452
138635
92865
85601
114063
15197
60358
111896
92916
69728
142100
101784
97775
6696
35177
90926
103939
110850
53614
133056
2273
125149
84675
1546
93075
36562
142507
43842
109731
90497
52414
94716
20084
119690
58103
53285
68383
14753
41157
107483
40844
14932
100413
20895
134925
7199
135695
87330
29891
120605
137764
81277
15356
80587
120587
78709
49093
121620
117413
143914
87313
94772
53423
142932
137040
88105
114642
144849
11101
60978
600
9796
105246
1270
83597
20594
13208
100922
53993
37193
94699
147122
90464
66851
20142
98401
64780
105374
22972
64548
140449
148045
134168
4791
119341
116673
77532
56629
43066
96982
98731
75966
5885
79320
34469
80723
30187
84120
112602
125501
138434
35021
26768
116839
114213
121200
100408
83286
114769
113059
107009
85244
141865
73312
21401
23008
117340
3624
88054
23800
93072
73579
43442
69261
1401
142569
67952
102906
5917
79988
28426
23648
144171
139775
19380
90825
5249
74182
81535
37864
17890
91200
11593
41507
96021
35957
67620
54255
83649
144246
122649
145241
149439
107185
38857
87031
54894
13021
109443
149686
38649
26204
35003
90827
59412
29056
127621
46401
6114
143781
130378
11335
39885
68688
106767
129054
39314
47488
66330
29741
111916
142282
9779
3276
109002
109796
134174
138433
40470
89149
12079
100393
120864
132063
57117
51060
121867
23998
50511
10010
9105
141862
38233
54337
19861
15369
131544
126772
11137
36951
145803
88825
16874
68679
59991
55320
48889
60744
131654
95156
83745
66714
36093
86090
108403
118810
14247
8872
126519
68203
9089
88093
113848
84975
6597
35124
146568
141270
24563
8368
109851
136335
69830
108610
118689
52756
62663
51118
15633
11407
13331
49338
55771
40156
2156
30420
107207
44387
68101
13449
97425
110354
19435
78961
75289
49141
59799
125921
3866
51661
44695
100306
104317
96211
113087
138648
37734
69744
99859
33595
75414
1459
134553
4165
37305
38621
93502
133159
19347
60601
61622
58315
93442
140438
91466
35292
129341
2329
65274
84386
11130
58983
20901
44434
35832
146641
3074
111050
49769
138774
88912
73
142810
121686
127215
55933
100946
105532
4358
125307
26288
139798
38111
5003
110491
100911
123119
135372
108510
122750
4033
64938
124402
13122
22317
5918
69180
143003
89634
7808
57902
136702
40964
54552
49528
122090
61521
96965
111927
149659
69854
116540
116105
40117
72174
54906
79043
138388
65694
94240
82513
68
35701
77234
41778
100153
20510
52277
145371
50460
22072
11804
73778
118200
80786
67598
89945
119486
87156
82261
67750
88422
1504
85776
129561
6827
143905
56159
46091
14592
105359
17897
44985
146667
125700
131088
137774
17304
49873
52594
126868
29030
81114
141931
65966
82198
28436
46278
72318
1403
100203
60712
37626
97913
132592
34053
21685
133425
8707
132862
75658
125708
98449
38609
146085
138348
46611
137870
147299
42238
52624
79890
146192
100019
74114
4368
108526
62906
101155
149572
127888
115734
89431
144594
149057
15725
142916
104539
113692
59017
40540
141509
9226
124235
20074
125623
4669
46195
115615
65869
45802
49082
96997
121214
141610
18566
97158
112849
17655
42912
60784
38468
87672
94301
8070
27164
124742
54988
11494
22042
138069
82911
49933
17233
27260
124299
14929
48729
4678
32998
119222
128333
47325
10508
18
25425
58371
23345
133192
29642
110989
115010
135989
112483
92895
125663
38548
17466
146672
12041
99810
55872
35526
95611
62427
67735
12710
70741
44177
67510
135320
98735
24905
97092
2445
118006
140364
98828
65019
21489
98183
35015
51814
12628
14826
111553
102704
88413
130679
27424
125966
78414
79284
40627
126836
19474
65586
124612
8919
24150
141213
81366
122353
55568
141600
20639
25192
62177
9315
139324
148158
7660
35050
69480
82070
104318
117691
10140
63772
68067
14582
28853
148878
41193
39114
113159
62435
90972
135255
32835
117899
41868
31930
123106
96848
71626
33610
50870
77756
6658
80479
147561
55237
70235
20752
60176
135497
18990
97740
28873
98389
118576
81104
5284
24557
5898
60486
29829
42403
47921
105278
105357
12357
53209
83604
4143
38051
75801
64386
82839
56634
142121
28477
46081
13899
110024
19070
101735
59508
48992
5701
124985
32457
132514
135378
98674
45673
2075
106542
7459
70034
58485
119428
81065
23769
14816
514
53175
54731
7824
109561
15230
31945
18207
31184
7245
106715
110194
140312
136489
10457
73103
134522
23554
17692
1047
75138
89381
74508
55778
89571
92407
44285
121588
85573
118163
113198
13972
142651
92701
36723
68019
17697
87580
95406
94917
115521
104717
69642
54302
14851
6462
123738
83148
38699
114667
43539
91903
7682
60669
32404
8003
63314
7572
128251
14750
69118
146387
41681
1183
93096
63301
22716
72403
106314
133200
89673
66826
1671
44481
29783
33813
18752
55918
118344
58737
47783
4881
89066
62297
70981
14107
140342
125494
142838
31675
148709
88417
10768
53025
100180
52378
131802
19466
83067
79572
55460
1670
82496
127119
42235
12800
115995
77584
51406
84604
115601
19033
41659
44334
12365
83379
48665
57525
59439
133174
38402
72212
9835
76984
109782
18344
58555
121574
71637
96367
11
63695
28544
99591
142793
134558
48239
103647
104770
97035
82105
30745
75318
7569
53095
104467
69354
47017
142804
121546
48363
96071
14300
76939
105247
21190
102126
88621
80448
58682
75499
80430
64852
26841
131875
9818
86161
55638
13037
138665
115952
9935
80337
20991
101969
7048
135878
47614
115922
85129
32627
135980
116644
68180
105985
30455
129969
143028
89770
79005
125879
54560
42367
17201
27665
9
139062
20091
100299
109996
131030
3797
21067
131230
101235
22804
134997
102449
88391
63474
133928
60650
130425
142988
121591
113942
67317
48405
113143
121596
69677
10346
3594
37787
44176
118718
37108
83268
49000
124108
39326
118208
138129
13484
118996
120317
75697
96704
24829
14658
93069
123097
118985
30401
75786
25998
37945
42923
72234
53251
149983
53035
76493
34706
71198
89218
147741
18250
6353
97367
3869
17285
43029
37296
131024
82315
67715
61177
116341
34089
49458
76939
47412
10741
8581
89531
85995
101808
39821
20263
120982
126643
22967
92485
111488
81311
96095
109996
62980
63127
97244
100953
86499
68792
91849
49822
7287
104284
63847
128734
48503
49648
118454
123758
142145
58488
62839
36448
35923
10022
71272
57529
37740
93434
100995
79121
24617
3735
122207
130759
11526
15745
18204
128479
126218
119451
58387
62734
54840
103576
68090
129500
67172
58107
1871
19904
92872
56059
116479
49318
401
147880
71786
128758
148390
149909
76278
115050
11392
2435
18694
15764
113904
27963
98000
77952
99785
12377
69321
43579
17306
68808
60310
48689
89618
40617
64598
43788
114960
56965
106517
44640
83737
116741
108372
123595
96374
117345
94524
62530
53743
141212
37201
40314
36239
49771
136876
29852
804
87918
144029
117694
62837
67764
53038
35638
109286
83538
67106
113532
1840
86520
44067
40167
13706
31317
65637
135210
132571
31280
90416
13146
129979
83533
49160
67124
126716
36238
68076
144437
9345
86251
125170
38983
133858
21662
109988
90309
106375
80124
86829
82727
98490
20657
11069
40335
91079
88156
29525
61013
11495
99815
14918
20191
108447
65683
35712
56419
20112
55506
73214
31674
59429
99464
137092
142179
32054
72077
62024
83753
61285
9273
19575
11546
100502
77980
142720
93658
145013
16764
104664
135330
4991
36500
117244
57273
81527
86335
81570
66568
61503
44129
25980
109512
61913
63017
119748
7032
61987
127477
53685
1280
65493
13476
21892
90158
44386
45806
50463
128103
112628
8007
36983
109833
90555
133750
118142
24497
145315
72597
68576
27233
131887
89551
133111
72782
74262
115974
52891
139390
112488
8544
92426
102021
653
93510
37062
99470
124772
47956
134736
144077
78196
55050
134132
97288
26142
47229
117304
143844
3410
42491
118876
147908
9867
111019
49701
85970
137020
7429
54133
138904
7105
118042
49527
30860
100308
6238
51319
75228
106629
73633
28522
7864
82115
49385
12805
23648
83014
44590
67585
49916
49080
54987
49594
115061
50320
115666
97475
144862
134523
2719
43036
27166
111394
27244
73234
99832
145295
9605
54526
125362
149976
92661
95481
142884
39887
55083
45856
42677
35243
72641
125193
48543
37951
87585
26795
60514
13507
124744
111146
130109
13080
54343
33592
125897
120206
9654
121651
123177
88695
120491
106783
32134
27187
5202
79468
61063
95816
135612
9229
26356
104487
75588
74725
99540
115588
106855
111464
35033
26925
139758
10583
22351
120024
30841
14057
68679
32662
111079
11482
91780
31819
96320
92315
32429
18165
18141
1148
115974
109618
146270
16825
116271
10842
27660
68831
67388
13961
27662
119480
119571
100733
114240
1630
1377
42384
56300
93411
47602
139509
18268
97804
86968
70350
28662
115628
87849
124931
58187
70001
143990
147250
41075
2776
56909
95596
84467
83313
96303
130438
110803
58195
90196
94747
96601
145006
43112
31797
38044
76079
135536
146537
60368
131006
13948
142367
123109
92149
127554
91896
9129
991
31966
3844
88646
100460
12343
9213
71014
98377
71042
80822
568
14839
139340
32675
117064
79179
37760
33513
63280
41069
32968
47240
118940
115777
31149
96373
43185
78320
116999
102642
99737
111643
78164
135520
149101
914
57863
43789
141783
43091
114738
55578
16756
100655
85242
58195
60792
146842
71132
53113
65443
46818
32654
85025
42017
91188
129821
58749
59836
42296
81845
145080
58513
53680
126914
103308
125550
72216
16418
72147
37537
77420
97799
147219
35730
107838
80657
20526
79295
96834
95569
30896
32534
11019
133970
47465
37587
87296
90510
91935
96854
82030
48436
103528
96133
59388
12693
127845
12829
135855
101327
95136
15982
90557
142440
127920
82022
1817
84793
30121
78846
28900
20759
62524
134036
66290
119816
121597
83952
14323
26184
35848
21845
65325
130074
23609
133956
119761
91680
144039
42592
48572
32550
139023
45015
142383
130391
36472
146363
26350
121049
125189
72768
69149
86189
36435
132361
45036
80017
31707
126244
136614
146810
52257
74610
58290
83688
66641
97367
51119
113956
85234
51345
58341
69819
60798
128376
81479
118645
76045
31028
1718
143824
96909
132118
56628
1188
140758
81806
91906
138442
123336
56293
16366
87030
16252
67777
61113
137095
71742
98999
17670
107069
107774
23700
108571
129156
22137
23886
6193
125393
24567
136606
44943
74769
130570
45271
22905
104838
51714
13240
104135
55912
70859
75816
138850
118721
73977
77279
72601
14730
88096
144212
9469
64120
83528
83740
111595
131964
135495
138475
52171
13902
32605
78991
1166
130069
117338
67425
149817
106081
120187
115825
33453
70120
52017
148592
113498
68094
84253
117935
118645
49393
121929
46399
5161
59053
122582
2967
50962
29351
56643
72131
42726
128138
68092
17299
17700
31208
59442
138434
120951
132660
10639
106579
30608
56244
147909
111632
94385
69688
114831
127589
32258
117013
41331
7004
15400
236
34671
111914
23342
16185
75876
9764
49270
67715
87220
107404
121557
99621
121562
116890
129598
33642
47522
39782
148141
57589
28677
693
101812
42780
145221
130768
116168
27286
140612
17772
111032
69719
26395
129239
13252
74870
55980
126598
104140
128012
143486
47500
52766
28483
103936
66468
40551
117212
9470
50691
112117
139924
109174
35559
104842
82863
91591
73654
27596
123600
33370
80006
78615
31417
46494
125162
33535
104786
16703
86823
118385
49657
41247
118701
149651
75109
83202
128066
24966
87806
100962
21526
16072
48269
135433
144639
38097
116817
29935
56567
57282
120636
48318
87118
27198
83698
70544
25567
56172
86176
129228
125788
48606
130903
10932
145313
73379
95062
79466
71475
53514
148684
46385
85648
116938
109419
122915
91113
125843
46918
117223
37738
492
70604
148462
149418
126255
131874
59707
141253
146999
43903
138573
3722
21459
119295
4357
73859
97048
107554
88517
87572
77195
131805
66409
46048
87855
10348
22748
54884
40362
79165
52426
79913
42697
35066
51098
31707
132950
130244
100257
43960
106623
57108
13769
28640
127648
57578
100866
67716
5530
30999
125665
81913
51372
75352
21907
97959
11932
134041
77016
2482
36063
128017
60106
85866
56263
17907
44835
90854
114694
143604
126976
133143
77684
91477
16684
15475
129384
53543
9214
59998
32847
109146
7850
64318
83470
52638
105944
26175
90706
36490
9499
129066
80636
103246
1613
43377
13199
10695
25799
139052
62372
48499
98008
133485
45513
134411
59325
138421
110308
137632
44031
122756
9149
51115
120179
137017
135406
106834
78873
45608
137743
142846
99191
101692
108123
26744
46645
63630
26678
79402
26903
13968
123966
55466
37230
32049
59344
62951
108905
120828
141688
133543
8989
99199
126316
114844
22720
45909
86755
44330
103893
90524
91430
116873
115801
45411
47245
25563
74883
79011
122068
101934
10661
120747
915
87095
74011
940
34108
10133
92497
75054
80684
46564
114397
52979
123383
78387
130126
1532
91198
79823
131658
122019
122584
127072
15286
103330
137409
91326
30631
33097
141390
143006
36006
7892
77925
48841
23337
134386
79903
61866
135753
42992
81879
58194
77855
100377
129047
64643
29208
110064
120649
140974
90354
13825
140652
76747
122680
69574
41012
62686
6397
70496
120135
103307
56286
82240
69059
29016
64675
28418
131131
59890
123332
83716
119929
112105
85598
26795
117602
56962
110099
12652
107435
118495
42069
94028
17535
121655
35468
148570
86505
64737
42238
73667
49448
127203
86782
124656
119743
122916
118280
140997
113241
105236
31816
38091
83365
82487
120013
13234
60238
111524
127801
43121
104091
129310
88419
120305
10651
16287
141627
100549
51354
59081
54690
89579
83595
110159
86036
133701
67595
116362
112463
49438
86165
21958
148910
39143
28744
14926
88730
4408
51634
136425
106041
143521
144551
23200
69331
9555
133266
109108
19679
45227
103101
132047
68279
83189
92499
76339
49944
111341
42339
142684
148872
139807
87670
40797
77225
52168
36076
64377
11113
147531
55679
48596
6430
143430
8720
20497
110755
105462
72797
80748
81510
121493
45381
108319
95362
43029
25862
95956
32194
42686
130839
131366
56794
78087
58446
61987
18183
120857
47749
111086
471
90494
147778
44959
26815
149980
145688
69632
77780
67058
93471
148197
146728
52147
66479
34745
139955
51870
128887
50256
33222
85900
2028
26545
70562
91583
125891
86259
103274
37988
801
118776
25822
125487
24417
46902
47130
101306
49691
140248
6313
69003
21456
125406
121418
134597
95174
109262
79831
91823
92604
85030
128059
39295
29249
94938
54168
5941
69148
35647
59372
102805
70999
75479
11073
81435
55326
59404
20331
68887
60606
123078
16160
71229
25218
83705
13190
123476
146396
50442
15036
25058
58096
101951
119940
134649
3403
85414
113475
78716
6574
2405
107925
10994
36880
136545
136371
103635
33260
18780
73367
83344
129274
133093
112565
75499
104705
62819
39463
76410
93920
109669
13644
65653
13672
17273
15709
54180
105116
94619
73908
74069
68945
72173
130460
36756
120083
27118
5915
52738
28079
60902
85959
60947
21337
33601
140958
17464
131681
132134
59812
15254
18701
76799
76029
24103
80293
62593
22785
34890
130249
79792
37222
39687
104750
76661
146931
88142
57029
82591
3670
15231
17079
100790
105472
75652
25209
10494
13203
126549
59376
121554
77842
139092
72074
62431
108326
79423
75775
115577
80790
12391
132787
115296
12744
72241
43250
25297
61620
41881
137282
124181
80343
56026
134918
76303
13064
138451
24138
115999
19502
106221
43696
110903
74291
106359
54904
54026
42790
74476
67022
41373
125793
51655
89558
64795
37571
2964
101516
74000
47491
45451
53506
106763
110208
99025
9189
36208
136446
91255
48823
108777
109094
142387
42186
4342
40673
107891
141748
121075
67253
68628
146989
134931
9020
46301
57160
109563
24385
124879
62193
104029
58805
53180
69635
27641
67470
109902
15650
82511
72194
127677
118892
83777
112289
51580
104028
143035
39024
93807
88244
118115
98523
61954
84744
19898
13023
1998
126828
140504
110656
1699
105486
47781
129261
2137
31176
134039
111198
144357
57627
3494
36795
138219
99099
103837
131205
14402
138870
61863
54354
79072
79080
86692
13768
119081
14660
66263
28180
79163
76747
38599
44742
80861
38470
63154
13065
144225
118381
96605
109587
40964
86035
40623
82816
28005
5717
15735
144311
116123
122797
79056
39347
5777
116442
139556
134028
119317
91752
37340
12824
43607
83926
96212
143864
144409
35665
138758
37955
27253
135718
141941
46134
82603
79494
109913
90647
18180
114247
82900
57608
133792
64760
29002
98117
125372
147908
140265
46738
90333
7776
83198
147191
116466
1408
140214
49446
134356
85762
133578
102020
59109
22235
141974
4300
94258
46584
7014
65492
87976
26126
62085
51113
125384
48737
17590
70752
94935
44200
148473
147447
1807
19074
90596
4475
80593
146356
76888
64743
44706
106286
109882
101100
146831
117118
113634
55794
66532
99390
25966
105499
38093
134570
119325
114897
40354
62408
144182
94944
141267
52690
56971
92526
127377
84052
6464
20795
7978
991
69177
55842
91897
107675
47111
117452
83627
3335
74965
144176
112751
123977
95208
53162
13292
21478
141178
20275
99505
9034
49136
131783
8700
52273
135841
130629
55742
59993
36408
116130
38035
127150
22282
144405
32593
147447
45319
57616
139695
81084
103998
65660
101907
43585
116285
102250
109927
124715
49121
4521
89399
91154
82932
122544
124749
39973
94576
87552
112948
109197
46981
5513
47462
50833
130760
48919
105200
22323
133595
90626
99113
75874
100935
21033
122948
110608
23967
20168
145407
133529
143326
98115
63715
60669
135589
93407
72434
32385
128671
117431
25327
147908
103950
112939
122481
32035
134039
131614
89146
68400
107682
16606
115455
18899
4428
25576
50276
105796
112551
135685
45548
32871
1988
90656
34414
123540
147446
145883
62381
16549
3436
144780
88852
65560
123413
100231
136181
39851
139538
147884
122281
42247
61450
130405
14724
124629
37384
125194
101081
50207
124213
40775
51900
24084
69153
52223
73700
55257
126796
67675
62391
58606
2823
125699
45953
128622
75300
101601
63140
99354
114166
102608
97963
122334
140081
104367
86889
3074
35153
38038
106459
25134
119229
64094
139402
58860
148522
121572
115628
142558
63680
143963
3384
93855
6546
146878
127090
7707
120228
121577
16243
93875
112919
113621
70692
114104
58307
21456
44192
102348
126063
57442
80744
95820
39877
100545
58346
121181
117628
9038
100924
137200
68795
135030
10456
33446
116469
12431
52475
110612
92462
146177
104833
13558
75513
69329
99636
13206
44959
100777
31830
81021
137512
75543
113238
57101
45504
61969
66923
130883
2313
1873
77006
53589
6112
143304
136467
16489
36429
22157
104782
128227
98382
123465
144590
94446
95624
80148
136381
4500
21923
105166
43321
60871
60379
39562
4532
39010
92523
48965
19996
43945
144419
119836
148500
15763
31519
100852
86827
24823
59500
16751
86947
55772
51864
93281
13416
141716
86629
58764
7415
72094
10707
124768
136463
6704
55071
523
19976
36313
110433
88643
6446
127619
97107
40294
76659
138424
95008
112252
93484
51478
100229
146837
56114
98097
142418
124986
146115
60302
86641
108145
96614
61971
135888
108280
18225
60866
3045
31646
83749
77531
11800
73824
66884
25217
114059
25501
34263
145690
98099
100494
10248
140661
77755
105649
130805
31801
14368
84547
26582
43994
52867
5790
68021
58808
127682
20572
99634
86361
118671
49881
84774
4155
135783
5081
33495
21527
113919
75638
951
55628
9214
109672
28321
13788
86187
132763
94624
115562
83759
36069
74191
6203
8077
136208
142204
51427
47814
41561
126643
26216
10378
78383
123296
126589
73738
85020
126196
84493
45726
31191
30363
88003
51611
56013
31779
29680
95219
62249
74533
103787
81856
130374
107906
139273
120977
1449
145269
101056
36746
24297
102019
50026
33886
50902
130213
127312
78225
50410
147242
22314
28674
130970
56534
46857
42598
42669
114000
76226
55817
38927
82071
93830
119203
72585
69007
83325
45420
135769
116174
54587
84859
81007
104678
108310
128271
25983
72127
45370
19648
54831
84051
54383
26812
28543
141882
142802
64697
70087
105495
78197
14413
132207
99834
7760
43005
55826
85122
101536
18721
62978
46334
7065
111670
28524
37731
24666
41122
72677
105235
76316
70682
25784
119524
74823
24134
43095
94367
10787
26575
42667
137441
80571
76836
3230
127569
128078
37437
8304
55562
27407
65874
31048
59967
5991
144142
88879
27336
95003
132719
116374
20271
27005
40536
30335
15608
52212
138751
129287
114465
14699
67303
132052
90638
100444
20755
13305
117747
69867
65358
41962
120965
57337
61517
33055
106185
62820
143255
143785
93691
22406
72515
149380
86445
63202
54069
109079
33675
84426
1315
1622
23137
146097
130067
144834
75655
94317
115258
79820
93194
8070
103833
90499
76938
120382
120825
84085
145970
88946
79197
48313
103855
51892
116264
131119
68598
39622
35624
145832
24481
91799
133510
64825
132434
85422
22800
17737
66747
102
21731
55714
74971
27018
54776
130324
80613
77270
35976
139320
24632
117684
115446
86221
58565
3889
40301
39420
70051
54015
66765
124432
140049
30631
116628
83909
33669
9251
83442
106518
100003
14940
137036
136002
131188
35491
72387
104054
53711
111247
53391
76073
6811
61026
61129
36707
45741
10226
49988
1990
75618
4861
11912
76976
111667
132670
85209
103389
19146
110197
79973
31356
66521
78318
90747
44907
114057
34753
24825
7085
47573
18082
404
110639
50637
14331
80047
141033
56087
87561
43417
24584
22706
46311
48593
54638
107084
6937
105038
29809
23978
129733
59404
86110
16073
38239
33503
23992
104231
23344
32220
4325
71667
133709
148985
128583
17096
64613
102036
9938
108225
63518
28121
122105
95255
42961
112178
10139
116811
129107
94690
140652
9371
3730
108975
65910
64306
87423
80953
91812
46930
21545
72349
53205
81624
78484
4064
138100
129422
40482
103738
81768
94868
82398
107873
27240
92853
1637
24859
27911
17680
9555
74471
107241
87024
123926
89194
75223
149558
66710
145863
53176
71698
65433
127105
100789
23389
7677
121102
114885
123213
105105
131639
46813
149861
111143
98280
115794
122564
65861
28731
123665
59601
141656
122342
111139
139578
120472
44042
75445
1531
23847
99547
25134
56508
98166
22732
88628
78904
80161
136390
61666
99555
17778
17610
127519
28908
15022
125046
65748
26885
148227
122455
26245
98502
85115
127554
65925
47155
86561
38138
44771
122987
81460
123351
109902
4843
53424
134015
129875
136562
11628
35734
56962
141970
148235
29256
130661
66037
121088
21359
79537
3171
115425
18027
47464
119912
145939
123226
75611
18810
70950
70643
144308
89938
78438
119963
28955
106880
71655
19234
45662
68839
78684
117872
105389
17956
16053
7295
29712
91950
5094
14478
77100
97208
55633
102892
90867
90437
101733
25040
115218
147291
105008
58799
127724
113537
61344
103880
114084
59773
12589
113159
125112
53578
128979
63768
132511
148752
55984
83114
42201
106852
113029
31703
38231
12264
119030
12999
73274
4043
83726
33670
18194
119657
132875
113136
95204
37657
110732
65372
90401
12662
63824
126549
17856
98684
99506
111103
87397
122411
67256
104661
16469
134849
148598
67217
35558
23877
98527
99743
139831
115176
105879
13359
102958
81363
135241
54698
64632
34888
5206
86120
8751
56304
2423
114416
119185
45576
107642
54
28690
134139
2098
68083
14525
82749
131065
53952
137797
120291
33596
148177
70264
114435
64769
55925
109241
7164
137408
103348
58913
52799
38555
134015
34564
148646
77772
96980
54733
12176
84597
146947
112788
15657
60277
128457
82775
114835
56307
125680
18518
114572
122114
149768
142667
131912
115573
22891
82119
149596
12578
131710
117760
29294
127865
124351
64230
68337
135655
97082
128636
105013
44783
53188
109900
106334
117531
41402
86517
97505
7031
122528
58537
40415
77809
125384
98908
82823
85685
124577
98093
52060
55348
132034
79776
13775
13812
45807
115626
122138
73273
69066
32489
76175
6957
129471
16971
138547
123171
59024
42587
144628
40049
144034
131599
23916
93906
81702
113122
73729
43695
44616
50576
25711
10850
118531
54583
55493
36370
16184
40176
142683
41586
144616
66267
31801
42146
53640
106137
101411
149181
115098
13969
140014
136539
138598
50735
34877
88723
79213
142516
23017
130551
128851
129813
86469
33004
109891
2773
61228
98400
119218
73671
100456
148628
70094
19816
100979
64444
115075
122324
44770
141338
78054
142941
49515
46520
99414
123128
18104
4531
28919
85588
88654
126762
97220
21700
15091
65965
83714
91593
78120
132109
86543
80562
83899
57051
65509
45283
108956
147060
56902
110133
109395
2201
91698
129566
74974
105641
109007
21161
135689
38308
129031
73131
114875
144321
133673
114175
111854
128303
109408
76696
120164
96010
89063
28162
97518
54067
110420
86819
19231
1295
30170
107572
45480
138939
79120
9591
142993
89095
35025
94934
31461
77139
113907
143359
61722
94546
122032
87226
26841
104761
77073
72960
85588
69947
26496
103718
123737
79572
111453
104556
55979
81951
107542
50773
114841
95214
130871
135797
38418
119396
86132
69837
148583
118544
63781
149244
116368
90332
15197
144752
9349
107677
53678
55458
144175
16163
136195
128016
128638
34217
112109
130400
77221
47724
148532
130466
134407
111212
129741
11747
144439
141487
2462
16676
48295
8374
107548
2074
145821
147456
96460
43424
100441
82705
139321
80998
123799
39693
126161
95640
124285
75672
107963
34277
76909
65226
47598
81785
113820
9096
64096
4849
18691
94904
146815
81940
2485
99825
51149
41851
14342
119996
112258
120184
126940
11398
69393
54731
146221
135140
92564
124861
925
16541
23977
84944
9099
87359
33972
79927
5224
55512
10104
570
139448
63098
53045
68335
122547
140644
79568
121830
40839
148546
34573
146009
84063
43584
143640
133282
46915
101090
50774
18234
65158
138904
913
96849
41990
23729
115248
122705
145413
46420
89594
10007
86154
72340
10517
38029
87437
42825
11579
123520
128012
116462
8933
61874
10068
65316
113116
51677
87357
84199
42162
93869
18106
30123
65026
55873
26931
126629
36146
64220
80966
64127
24381
83892
4688
84517
10202
50510
88176
93805
102783
59262
41759
132710
89897
27865
29118
61358
48747
42781
43728
104048
86623
138459
56252
102042
98728
52503
9020
56899
57293
18341
70208
30571
139252
68742
10961
86619
57300
107968
144544
110809
33971
137808
84442
110445
105837
111273
27003
47203
91377
133704
74654
121447
100765
80691
123164
2611
42842
95930
77519
38250
27084
84882
86790
96981
26257
25800
55985
79252
98829
131983
78661
60184
23347
34539
119690
131825
147781
52202
2407
2752
57123
51667
76274
7026
102078
57357
136794
43265
142702
63274
4188
118898
40732
5601
123003
40921
125502
6661
109122
92629
44801
118445
73696
124126
145507
130043
12942
7815
28641
134515
113939
75679
104253
133735
103966
92723
131046
2690
4607
58342
145294
12670
132516
49648
42538
109127
128701
61233
88909
146358
26389
104467
66317
8519
134544
140788
4530
81342
44319
14022
74905
56326
126105
110895
20394
80984
131699
88432
71209
10052
10603
68119
144895
2570
119012
132109
24643
76963
44422
146740
88457
8736
147521
8798
102774
76388
117344
57330
146766
75884
92306
36062
82900
85185
119770
75988
3291
24852
92989
21200
109822
91012
143560
76955
105459
9197
109392
25330
140232
128498
142465
134286
133899
81578
73547
80733
98739
92655
86832
86087
115268
80855
30786
132924
64526
113951
13787
45659
89436
15358
45472
53920
144448
57039
57987
55721
11903
19350
41279
145805
5496
9777
126552
3386
80710
39191
123596
124723
148506
2633
115677
90536
98817
71727
26627
75251
133520
99499
88475
96996
7564
51052
75600
5027
110209
73869
113675
64531
48743
20636
95925
2973
115207
27656
61631
75412
43775
97178
53861
117943
10351
60123
89784
65270
14453
14333
27165
14718
44044
124890
92046
72534
111654
10359
24985
15538
104420
59277
50834
19359
17857
48005
146576
148296
81153
143203
10335
55201
139103
7170
64161
68971
11268
64413
14421
119374
109180
142106
1401
70346
84900
22244
119482
27326
139435
63354
148625
87701
128500
64565
46628
130604
85342
93616
34788
100056
93429
56629
12428
56682
111797
145058
72229
121764
51246
916
62996
17520
102238
43614
32340
61305
99358
110217
56849
134801
90146
132037
142255
772
149361
51459
33951
11218
144245
66659
73172
11649
92144
6607
108523
30670
133057
98233
16961
119121
30459
114175
117545
142270
7968
128060
14098
76587
71941
106617
31342
6458
118373
98780
146887
76981
92417
36294
10821
31325
148039
12272
18619
124164
122366
125445
52837
113052
8042
128033
38336
90653
104723
111495
131996
113349
109920
32191
22979
5423
41770
127923
79169
69802
91449
135530
125074
85711
149739
135880
24891
92870
72633
142733
3182
34080
97604
100788
18112
49227
43302
148007
87041
43972
4360
15719
3368
100412
47582
123651
47344
106923
38958
118340
134500
84144
45910
142744
133454
47009
75370
5990
142806
142424
149635
100157
96279
144098
44271
34156
114290
21905
48351
146601
29899
41745
61427
2817
38611
67878
100072
143233
71534
123224
86294
135967
131542
1638
90608
130726
48378
141810
41610
82746
46429
96094
6721
81545
26757
48728
54028
127856
114208
11354
119484
100028
149455
30320
140978
3144
8879
7064
60936
116028
140129
4536
19407
40942
10370
147892
37841
92327
69816
30662
24637
79250
10619
130711
23686
28706
36769
74800
26340
134396
5265
119057
34262
11442
137193
35580
82273
136089
104779
3463
118083
77272
77149
147190
56853
63847
136555
147957
33223
56481
74543
31774
48507
46341
53196
19132
83070
38773
25372
86092
73503
11183
149985
49255
61067
20031
68102
30223
55081
114510
81417
1536
138261
18633
81623
129665
34683
1265
15429
109322
132807
117373
40097
128036
50390
20030
21796
104832
35315
89135
96698
122035
39546
7259
44886
91374
122799
13891
130510
35974
97353
140236
114477
132371
36166
37965
5080
43540
8881
34699
130980
134252
89076
94644
24267
14755
29231
46166
117642
90989
70651
109966
101117
29346
62374
77621
1586
85341
103518
54642
106990
7363
61038
100166
24824
121917
130137
101207
49662
106236
74174
67951
130428
26891
14808
90709
98644
126846
111509
10969
63422
108913
101279
95144
121025
97103
69015
32499
96859
99113
41380
11182
87275
25977
62226
87385
90666
121528
23739
148429
51443
143744
27049
104460
23092
65961
55014
127205
135354
99775
148664
122232
62588
46798
124971
12814
148705
141070
34559
51966
37718
141232
27795
15259
51971
120673
128281
84248
636
139804
52015
21416
136326
109887
140035
40345
58298
58771
115319
33055
25240
147399
47402
136310
41033
23697
59595
136886
62382
35757
130148
47414
126247
90905
18017
50000
11829
96845
89710
138344
107035
107019
4327
12845
39956
128079
147325
11538
36
77714
41014
39874
147555
32961
1935
122772
73988
22844
25706
32923
33559
17817
132409
83065
107722
148429
137522
86435
111629
55471
113785
11264
138188
84455
4655
135054
45904
125057
73484
80553
85914
17278
70134
110171
103837
21125
91218
136444
124594
142008
49455
17997
137681
48371
45604
99226
82331
62187
126836
20159
112691
138985
3893
102631
44132
86437
82444
131494
92027
135191
71249
6244
101080
40052
125444
135218
49349
18191
26838
31368
32664
76918
75025
144581
54058
65079
143102
129840
34935
8314
52146
77394
12928
132352
134064
24627
38962
61707
61653
19623
60815
87683
27656
82824
57059
120782
111720
75356
32259
8641
81212
139550
137590
105610
98108
111168
140900
8510
148425
70133
42685
2228
30539
96425
141714
25385
134418
13844
110758
2969
60743
30882
106956
13180
1411
96063
39270
88153
137927
71005
61112
134147
106421
55141
18191
51268
107465
124699
122909
1575
37239
71615
114623
6857
98772
33848
36180
77040
93032
101224
115541
11705
94998
101392
61609
2570
58894
47137
24232
73143
47444
45869
64625
30157
7004
125300
148031
18324
52806
137704
6921
53104
87629
35993
141
112465
57864
103262
32878
12236
73264
70788
30997
32807
59858
53147
13202
140918
101551
144038
3858
84339
98515
76537
116232
119751
88897
14945
39469
111481
27229
118270
23307
31640
48806
39925
17624
124694
7834
98423
139463
57613
71233
66265
138237
8438
76443
132527
126265
104540
145164
64638
1949
113354
20792
95162
43538
70543
114963
49699
64501
9345
144079
140938
105367
68381
21976
72063
121117
17952
88960
52009
94308
19162
28803
59538
127903
21107
68072
100969
75215
128231
4471
101257
58603
49810
123213
119019
66757
149994
54463
133071
135739
146789
67055
63126
127736
14224
142832
138648
132006
55627
34663
121517
43370
25338
117960
96081
48900
15252
48865
71142
131841
33305
28871
110601
62543
123670
20920
5951
36816
42292
145585
12959
15439
96873
101508
53299
92761
113869
50831
50338
146385
42453
68035
111781
103364
62495
45170
57851
31666
24337
113712
107121
147249
15642
119294
133069
21284
34823
126593
144289
44920
115722
145196
88742
33104
31864
18517
53109
66713
19249
1111
95967
136054
66107
55854
73396
71367
54964
71473
68188
133634
67186
28014
127315
125945
42108
20133
84183
20409
74247
57907
82677
67790
119349
96523
30088
50855
118789
17678
92707
44156
104904
4949
78677
111531
23453
122126
140260
100230
81083
75681
15375
148501
82691
28411
18147
2073
63606
20482
84880
87429
121309
467
91440
87347
131102
109244
27288
103668
133377
152
59373
52860
6001
60172
86596
17042
39214
97547
78054
6958
58577
80671
123363
80081
105838
129730
20468
75221
50565
23213
56350
98083
14587
114825
90180
91718
19402
97747
32691
86668
97158
74573
87345
102240
39147
44005
73224
141951
1915
85014
35004
39035
8868
102745
85350
63276
17760
38266
11950
84993
83615
40966
41744
132762
148984
75636
10373
117962
117123
29581
4998
39156
117424
34505
66558
64360
42758
51577
3120
72526
120866
128155
136533
110479
54129
22619
32401
35742
101732
128082
125675
123766
57883
128476
103548
81214
50990
102143
77978
44145
137190
62563
142782
84845
42352
141835
76250
100626
81329
50745
134315
309
52935
96048
13249
112391
34018
87710
55472
111601
90522
57940
56990
43042
124346
145064
99560
102757
93267
99470
119183
124170
64714
54650
79550
53003
144181
132761
111193
83680
125045
105879
64507
130906
146360
108806
73676
104373
101246
22223
21440
2780
35241
62219
61542
69575
141862
118244
73752
66752
21617
37141
29063
134780
27748
67937
85439
106786
47108
135541
144825
82024
126419
33543
114655
70476
36950
77023
149454
44860
22830
12852
36904
83920
83131
138120
61096
23409
81879
111356
106555
13123
46605
93282
129236
149536
96899
48168
103110
50497
108134
8763
20167
46590
97637
17148
148765
120095
124424
126374
12082
38553
76124
98176
84845
52306
144478
120456
62331
109873
134692
126276
69225
63390
136280
49491
44398
61834
96857
99804
101049
39745
37458
73237
146735
119999
11342
46355
65440
83498
103844
73363
13808
9557
91846
67958
119676
145030
104739
115600
38958
30252
87172
40301
58736
116651
57783
124871
72410
38909
80615
28084
103348
106965
95332
23626
127408
107055
47807
118038
44922
12431
140465
58998
34013
115185
73379
3910
65696
111418
5372
92138
136218
37685
71069
146753
78671
22173
30453
19895
63525
17510
85625
141919
109375
123133
38461
115254
21182
36177
142686
66127
40526
20911
21815
117872
126399
4661
69585
143438
68661
5055
131078
17534
124234
83628
100973
89940
118430
83008
9882
2370
133439
61858
79527
97056
89059
120575
69017
44804
101831
79126
37536
9143
75979
18685
11678
16669
40637
130832
50799
95742
49237
8162
84719
141056
77498
90912
68410
37446
126638
65268
93317
120075
85513
16960
62420
72144
72515
37077
143632
137505
81443
58857
105032
81089
72313
88403
134904
85697
59941
29015
132998
144737
107469
16513
137093
64340
57103
7879
91218
15270
89052
91432
86477
2208
68554
120706
45437
18509
60959
89029
90595
25552
138254
134544
114261
36199
98987
96594
38070
22809
89017
38997
126733
89029
97482
92271
4186
132716
10378
28066
89148
70354
129314
21549
65103
25108
110023
79518
121027
19209
40665
28639
47846
129154
62399
79482
74187
14971
99986
139834
58537
75313
41852
42096
100808
129392
79707
64913
82809
80064
28595
38020
130418
73151
537
63256
145109
83984
118777
37304
9661
144641
103585
23019
87241
87600
79190
80939
25102
29931
91337
24026
13119
110519
21337
10519
114549
24221
22782
105438
1277
71074
45756
16310
67905
36373
47311
95034
46390
59245
70592
114125
77545
31807
80765
116326
131462
66250
3250
143681
47378
70872
50831
147676
71530
15426
44772
80324
11229
30699
80972
124393
98227
47334
146358
44926
133692
63099
79188
111495
118475
71573
119640
23303
5505
130538
70918
90151
124649
123191
9875
61115
77860
15643
54557
125573
101254
80176
80216
120816
116735
132960
62879
31747
2158
23976
98627
143285
58813
46141
125542
126605
48766
46677
149494
119770
85926
44927
3703
82947
34675
27496
7321
8186
33091
1122
12888
57777
18799
19929
144391
5656
112819
17307
70050
91606
101196
129738
64406
87135
96714
50859
53326
73574
110152
72453
149501
12301
48964
90652
52635
97465
121129
120591
39977
119902
149990
83717
147678
2072
15136
99625
132312
71868
73161
98759
62454
52114
134934
44323
59729
93748
22458
140557
137545
114096
127676
24378
95122
86361
124778
9316
72772
72293
59565
127592
118735
63597
102369
141944
148788
3963
1762
110871
73648
99263
126204
92681
20523
70491
130099
7886
80689
125069
31102
93324
31536
45449
113587
75259
17542
137093
97590
123028
2569
5673
139441
119723
121090
56789
80708
66496
6636
10046
48017
29761
81210
68704
42321
30717
124479
51531
48417
147425
66176
96291
83468
145201
1721
49404
15044
105296
108751
70461
106296
44067
55024
126080
4221
79100
10337
104487
97394
12697
92716
121421
119617
8862
70664
44810
107286
18836
23902
69956
3229
95673
93429
131001
83856
83744
140621
116513
73293
53042
49959
12257
7068
22956
58956
120439
130003
94063
72142
72040
63163
31608
79178
64626
24837
70165
45159
76797
126936
136143
146017
13084
148862
20755
141563
86827
83394
115941
21593
128181
103654
99850
27930
20662
41819
13666
37509
100658
6813
104638
52867
15606
79289
127567
124255
8927
124089
24449
68608
17235
96324
101895
136380
46558
38878
112980
58594
7270
46808
96515
126019
112024
51148
94457
10765
147359
53593
54723
19405
142310
77344
66113
148606
62399
106961
77505
132956
105487
72709
95132
3381
111268
29250
130750
101781
40086
4780
7137
64873
141114
140933
45459
90224
96067
78582
100954
144614
31831
90767
92543
5936
68661
75152
131556
25203
1484
54181
52188
81305
73241
101745
91169
47831
53194
66229
73301
127414
3852
66283
133964
125603
27298
135106
104612
39550
29845
92780
44228
100405
97224
149758
14248
17330
77094
102928
54541
82590
114878
142077
128474
11375
58023
89786
91780
61639
18768
101336
52186
133274
115186
102090
9138
11333
140660
51871
65415
142234
4391
95567
33297
99579
22488
67497
91563
43102
141236
22684
141500
118351
140639
44163
9563
63259
107795
65874
62058
129706
96417
117260
129334
130036
73137
123646
119026
26190
65925
96030
97539
72845
135235
119330
20323
146055
105575
8683
117182
107899
126327
142835
98728
63181
75139
111515
34546
140956
601
109549
8344
75952
65068
69474
123569
136193
114438
12094
5686
130377
54820
16135
118213
30604
44626
9205
21371
146572
11764
36377
18557
61508
186
139588
22297
28329
57159
89710
5622
47805
31016
116679
45667
58037
14678
149748
42891
32546
122387
89232
81792
145399
99601
117744
42260
129682
116135
53467
141796
132031
117283
88510
93554
1158
29833
100616
62531
113815
46249
65087
15759
15998
68587
31049
63841
22426
60257
37666
37562
67383
96964
110498
134647
122862
3394
56597
21134
22880
135052
101125
54689
105082
133232
148061
57413
40422
72528
64626
79454
84455
145122
83965
5876
109394
124255
131211
79987
23482
107169
137667
142013
145432
35126
110454
59509
85284
37172
68509
72867
39242
77201
123737
10721
16134
12587
92967
89504
129122
102997
24224
52846
124209
27551
38405
81202
10975
45304
95188
113578
70873
63459
133981
131307
91599
2319
136547
113993
120746
124746
146635
97790
90652
113551
10568
135702
35868
81200
11615
124063
44888
116977
13566
30654
13835
92236
6696
67657
32234
84336
35935
149948
135166
113432
118310
103157
51665
134998
18105
129725
83406
25507
26966
55638
7150
57135
91925
79141
96286
78545
112324
50350
122355
93219
13342
70240
45073
61888
58704
52830
40422
53021
93266
146403
88030
15549
34757
91396
58446
34711
2688
137923
100233
147179
45482
53334
91109
100327
55120
101840
29525
43085
98488
77348
119372
3139
14782
57648
29579
27383
16012
53175
142491
70485
125192
137843
55511
55792
136935
73815
4205
76149
72065
121634
122859
91678
119602
109722
78499
3516
33898
19366
3483
23897
56297
33030
28767
4092
70059
13429
147491
39825
86897
148145
132764
66320
78496
3792
33278
88893
22943
136541
58759
132486
27530
133058
49262
10276
8235
144460
60790
115252
141194
2485
111434
57702
56717
123672
77863
105696
93669
99143
87918
7036
139398
104893
98629
104048
42826
24398
103810
143772
105234
90040
53853
72924
3298
149873
90929
72046
49999
57699
106557
58648
112445
63467
72793
85695
51087
147131
57157
66196
84424
97825
30813
122702
38076
60051
73839
34518
112163
105951
47831
51963
97256
123922
41768
125005
7455
100617
10720
105961
78757
34355
65426
49981
26657
135337
47036
52575
98093
130959
79453
105097
45872
17622
12241
86002
112246
149060
101398
75790
71147
58402
5907
43699
128812
118052
95065
111682
95120
127480
8557
137185
142374
149173
1558
141693
6336
21302
25226
5611
71074
20965
102183
130755
48535
105501
114806
62255
104266
125824
27700
52289
24536
13278
36492
206
15880
129623
3246
56457
128749
11467
43306
65975
143250
8219
110058
88741
74242
65493
13533
39981
91155
33544
72933
34801
136436
115540
80980
61385
8758
108422
74767
37894
82157
3005
143720
81887
138816
116780
72821
60308
10046
132463
55509
101679
37279
8428
130428
81410
79949
62800
14941
60193
137772
106601
79510
5791
141952
141373
61744
128080
43114
93448
129299
10518
83549
123978
88480
128235
50878
5114
126253
104566
87111
103930
137919
51788
77841
65250
23873
105807
16724
24864
6839
33982
41055
35932
25372
20162
69140
137601
125588
110137
149589
15686
119847
136
96907
7129
3537
39748
8833
116980
115646
74275
148858
35978
25287
117184
121373
40402
42922
75990
33111
94770
122752
107308
10275
131586
8778
114536
111390
49178
139755
141927
93981
131678
26714
107726
102936
52909
67750
134441
21072
6736
135234
22490
127529
14941
65849
57744
63551
71277
56780
15915
67203
136990
15655
99213
115410
53043
37311
134639
106555
129930
133076
100633
63629
108899
55370
128104
21616
245
131583
58216
122714
5176
36526
145519
66910
36801
124658
2209
83614
145024
71330
117211
122709
56814
144088
75050
83080
55744
123088
107937
17361
116156
111864
15567
135307
146188
28669
105330
111369
87328
17527
6878
98982
35068
94613
141849
131328
93111
85130
55668
42339
123073
74855
69927
101599
44754
38063
5281
34220
149174
5305
25036
15578
67036
102262
74367
24058
1232
13905
68425
110206
83682
107321
87523
72809
72323
47565
17269
30364
90097
37837
145687
51441
28710
14709
130509
22510
55852
88199
51866
141481
112974
144827
137630
137759
74005
94568
37506
94400
64454
121499
74328
31361
28357
105258
72072
124569
73548
85933
47373
126569
1313
50161
1036
132189
113426
73303
15236
38767
65105
111817
89991
113942
140460
10145
123900
93618
3888
110876
124569
71858
109518
18841
64463
5918
48831
99992
148769
85918
82502
116396
22017
135325
77249
23123
55109
15931
137371
102602
10485
40164
47891
78323
44768
112160
71764
121918
70243
75632
35791
94896
116258
135433
31220
19356
117530
3059
31056
146271
104643
101823
77844
132318
94336
128519
17856
108340
79462
92176
56620
120864
11446
55396
10629
126643
133470
127168
107746
52674
83068
73089
38647
31421
31845
114202
140036
45483
2026
139921
119307
106932
100417
135117
111841
26811
121703
29897
16912
66025
9481
19430
17709
6136
116930
29409
1062
6492
128080
123766
41444
56662
83453
67826
83873
101156
81508
5526
68420
108271
25121
113271
144934
136608
32435
45974
126733
38949
68773
21993
42610
55464
50802
39153
85995
60258
133908
136565
79964
61124
1864
59146
416
77988
4477
104910
64318
13629
45226
106411
51483
127422
148167
12131
9527
81584
68838
56702
72402
119924
40068
47356
128053
74444
125050
87095
80319
92520
54723
74537
76477
26
74921
37483
27500
37236
135197
65813
137036
119295
94551
128009
138377
47714
87821
138011
53070
16018
107153
15003
19546
76659
1919
68718
61232
89755
145884
147422
122792
7536
76248
96735
89143
92693
98959
100244
111252
58846
5947
111439
62161
119350
70337
114627
64786
46545
737
138942
75473
121035
70509
6333
8062
83762
4650
146771
13497
39730
86081
92974
5961
126885
113232
63685
61600
102130
75595
13194
80183
108556
108860
27900
43597
135371
133804
30793
91873
84295
140583
6214
131904
114734
39485
78094
94942
72205
26237
71649
22499
131494
45512
42815
107294
112798
131233
92337
114989
19860
91849
8760
82924
31782
94251
811
33365
21700
10107
94544
82211
131492
34127
136036
46675
149340
52547
2941
62779
53707
37733
140502
18510
74286
122771
65796
37101
46053
141592
135643
95287
143911
131438
64801
131938
126565
21953
51114
100388
114068
52562
105705
37411
47973
110594
147492
38705
133226
138840
135970
144887
138448
87407
102755
41934
5775
81520
5356
31356
145132
141556
95694
18028
118514
53205
42844
39635
115026
24670
84017
135130
26679
67999
58166
52280
19944
135391
104769
25701
69092
105674
123424
34801
39515
98463
9228
101558
89120
102143
122833
9270
43432
115175
55093
98033
82776
137250
103961
146354
70416
2771
74985
26313
14832
23887
41905
36020
114556
100641
34079
35251
110193
149641
145257
106860
126487
123244
53490
17060
103289
100635
146324
83167
127887
68827
24463
276
14997
129287
106533
14132
13676
85304
42205
83479
23610
6828
59785
119823
63064
131898
134906
30153
95440
55848
133046
63683
3622
4779
824
68157
79944
105076
62202
44910
114785
30108
118776
21804
6688
53109
18900
54654
60439
18630
3182
52217
101600
127577
93641
82746
95713
32399
91143
77790
39430
90257
72820
126322
128373
146111
58234
1562
145428
121576
137990
76522
39169
57501
141447
119534
115802
83981
103004
146387
55229
104823
113272
30135
139160
30702
59308
131869
77185
112081
39069
42014
5541
67816
51649
39049
62494
85111
112625
134648
57576
106111
66360
119191
69943
58162
54531
143782
127118
41129
2413
2492
81007
103637
84514
116524
148938
24147
44076
105144
94238
99327
35295
66499
50728
52388
123176
19338
47711
112080
23268
63365
104641
147724
142933
14629
16179
32309
147695
15844
148618
111315
82306
59303
115558
80029
74311
118048
89677
48660
128260
79465
31581
104003
120879
130357
76631
22968
129736
102755
77173
17239
17405
141391
107735
140973
68568
53326
60689
110738
32722
13534
2184
64861
45827
130324
16806
101659
14445
77559
100527
140158
143694
134456
80447
49868
100835
139694
78174
71932
4076
141099
147054
31886
142920
122964
111875
124303
81581
120978
95619
100228
19994
67224
34738
68985
22022
16553
36151
56434
55325
28111
135760
91002
52490
101755
35419
22622
115888
53028
46121
98661
46499
148528
148026
89139
44206
38054
52340
1657
104718
54508
63416
61652
27619
99718
97326
2328
78687
45004
89821
21210
126185
32628
137946
59460
144925
39972
32868
149169
144295
103383
134116
49251
48424
147881
18957
48918
149884
78683
72359
117648
11350
77885
145585
147864
49909
21820
23974
133383
86798
94735
90168
99538
42170
30676
132605
20102
81582
20175
119442
56898
85859
44799
108224
134232
113758
144975
59511
80883
102572
897
76385
22555
93405
18396
23712
149394
64708
97935
35555
120739
110426
16295
134400
29231
25539
23805
35252
76917
148283
78415
90806
46687
148598
116579
29141
89217
130763
2762
46230
133502
133092
72310
56572
28179
142624
9703
75599
9629
10233
109571
24175
88746
50073
52785
79015
128104
35407
105973
30864
95985
60355
63452
76686
139191
106169
83121
75224
7277
85424
62550
80318
17531
89188
72932
129776
9733
81061
80593
64003
63895
126638
7115
86756
37087
14921
56796
140933
86457
80160
72950
53673
76663
115525
48693
6001
133277
144044
90823
72579
118386
38452
29827
81923
142576
94681
134120
110279
85807
79127
112661
51953
79689
43778
53222
142946
50006
46247
108739
83141
66916
7760
23713
113354
60860
125178
23327
131709
109639
35481
149539
124139
25598
41262
40510
92750
89845
67774
51323
225
113800
34835
139534
137043
138670
4965
51090
94911
26220
8920
48129
12806
104668
122181
24079
127268
42272
42723
75154
128872
143528
137379
127118
33479
52144
86063
33135
117066
102832
67205
90339
140543
40618
39181
71612
12553
46269
71900
4638
68164
58086
133651
20706
113346
11652
61891
87479
129390
4872
35976
100950
102742
7801
137634
136606
130377
12874
86068
22084
7624
84975
107140
73780
23269
64435
1390
37695
74894
54510
125669
59420
103011
48147
20666
29619
2381
117413
131494
15652
67259
15004
13082
36014
107091
127547
15434
40929
118042
26922
130825
143439
56048
63019
124057
30186
147025
36971
143628
47391
73073
111740
147963
22701
44200
50384
18076
108941
39671
3434
6964
56667
126203
97538
3211
143333
9921
103287
139966
86246
128631
134953
443
81686
66969
72620
66864
149751
111084
87646
149247
32896
11676
38405
141806
55485
1835
68692
45402
145361
76325
29551
146181
109996
55150
10728
36916
103639
125059
58007
88599
86184
128279
13951
93590
129062
96587
54277
42677
16656
49053
66189
62828
85311
10487
63273
108786
15037
145941
56540
48395
40016
18584
69326
92654
35237
41699
15521
43796
56242
109010
18965
84893
39334
147809
62181
104421
74548
9164
41768
4501
149771
53586
129046
43686
54119
148081
111491
108325
77441
121959
142650
35957
78100
115255
82544
101520
3613
95215
126197
140479
91926
15772
146721
66460
81091
68673
39469
23117
39808
74923
6239
58122
877
24695
75744
123283
128535
363
120126
101454
34655
125476
94301
132862
48344
56096
34800
100228
100147
84500
115934
145340
124654
9567
52149
53570
143266
58098
108585
121820
103590
41064
47673
32403
24813
37073
73582
143866
73464
3045
8606
120446
9341
4970
143859
78068
1806
116071
131771
85839
55273
21429
147561
10325
94434
90598
37577
32355
112782
106250
6823
138093
44444
108466
27188
81780
102611
2681
82081
62395
111345
123246
27941
24759
688
15742
108191
77968
71997
138907
43025
124791
48579
73606
110999
146333
15183
10091
35283
81620
113081
80481
89236
33545
46277
147295
32021
89371
35269
100581
107584
31034
29909
23172
97224
126910
23300
143566
38555
2230
72102
63857
102487
124139
133202
91533
120301
23025
137793
104015
52687
130453
34525
17584
148049
54439
81837
149389
25476
137306
55484
107290
21492
89013
83935
135780
122731
133226
78431
47160
117987
47504
41970
108789
138477
15268
4153
72359
86509
126057
55298
77662
111489
106767
121737
137715
65612
45915
116884
95335
143784
108039
87360
39490
141419
79827
68602
396
119098
44351
46353
33592
64729
64917
45346
40400
138685
127181
129452
131905
71987
93742
147751
31396
103559
63686
37813
109535
103939
131844
90511
130856
68738
101744
1121
111698
994
72379
126809
22590
28322
81835
114587
138869
138356
75635
28142
87321
10826
136163
95480
119606
43905
137815
41202
126538
7793
25090
27228
104975
78627
82575
133096
114071
50093
74194
77352
5502
27118
108743
41188
44381
47118
54268
20749
98234
91874
143447
63246
14296
16720
66282
132480
90896
81249
90853
61110
61959
7754
138238
59012
144541
19521
111726
3118
84846
129033
103499
69123
1505
114175
26546
49008
3102
69152
45581
7777
44600
27720
15369
35941
126260
49543
44925
136036
85728
69272
6097
68169
80307
143669
82380
83710
15972
132376
127920
80364
47787
66969
49355
120888
92389
64386
147643
129045
89935
89486
42171
20524
140724
148809
134646
132416
41055
63883
144229
89206
121640
87691
86741
22029
31772
126608
16063
133097
418
66835
20770
103927
67968
8588
53532
129951
14975
108801
35946
126212
61199
124792
99033
53493
61936
44668
63479
3100
87301
80902
45078
69209
112318
26927
99472
63957
3383
79420
22717
17106
90839
96601
35976
29562
1265
22147
109538
138084
7048
64224
47731
147832
50807
53970
130097
90698
47188
123871
104828
45672
48137
144991
62421
128030
129483
55040
140810
88149
10058
73533
33545
114927
37851
40290
11679
95657
31286
97603
96861
110405
57282
85292
97359
89655
44740
8969
52935
89141
135073
117843
18043
142540
110966
120174
112630
73083
8836
94925
130184
49957
95345
43549
108932
133926
119274
80928
36002
61207
86902
49500
110070
19708
28114
122691
3
138169
93142
22842
104488
763
112003
117142
68976
141526
144949
36004
113776
125635
118968
2494
41957
15899
29695
104563
147874
36478
5432
38446
141608
106088
72295
82315
124413
124495
41711
104572
115547
68396
58512
11292
139264
76102
139486
106809
52575
20063
97609
114586
53825
125789
58419
12038
27161
61109
55804
7358
115232
50909
145121
10845
128827
47253
12779
38529
73289
111433
110796
128971
124102
16672
60137
67978
111660
58426
3522
24768
148637
113097
118358
137689
80497
44453
84147
104117
136170
38716
8252
109805
132155
22026
105399
131899
7950
14867
128525
46433
8147
38719
134616
48584
56325
23248
79419
80517
78857
108625
137030
41377
46103
86020
8579
91351
109126
114674
33226
105132
49779
88841
17567
46772
46352
98646
82397
134910
56593
16197
59686
28744
109
86707
65942
62375
57915
76699
89241
36607
24667
105578
96355
114167
54271
108464
112776
87792
129508
25824
58592
69510
120174
39393
126831
116393
83243
135787
97164
33813
83148
27398
96956
146955
47337
76988
143780
23607
148982
79862
44309
81312
4491
112715
77733
99994
124696
55516
123976
137018
18053
22389
95468
72655
68962
62814
24613
49396
85171
104077
71873
9878
92315
72422
134197
77838
45138
148121
4445
124949
70313
64394
146916
70741
142913
45794
28813
59996
79774
125934
3137
63738
86384
143934
125044
105255
61083
44582
20449
96126
136668
83520
25435
94977
45231
71895
11176
130610
34059
71637
79649
57522
5939
20249
22066
133071
30364
146694
18650
77
61417
71398
6159
113809
120912
92293
90847
16063
43398
131335
61530
134126
49254
120061
34968
108699
27951
108237
126464
47128
89632
38449
77156
97148
59036
65892
12931
62818
99709
16230
143348
133153
23728
121013
78125
108875
32702
149262
7191
82786
144754
148927
103072
52024
37718
96434
16603
103516
133993
8041
43643
110682
131608
72726
51473
147480
49751
18218
20108
97068
122549
137982
52512
99332
59193
105040
44214
138348
29583
140999
10023
35536
143229
112290
52034
140807
137483
16729
56977
33977
33812
24818
107437
50066
16446
23718
91372
77675
27033
65314
42077
39706
1134
127420
84232
21986
48876
49166
75801
25912
91745
98421
98715
73901
8594
61853
37407
34161
64301
1959
6050
110150
76067
74305
89415
31259
130796
69421
48396
105805
26225
134178
98701
76989
136055
116225
87364
116555
102711
132057
104172
2050
68899
38334
54413
4958
28730
85366
147776
63819
7599
42539
138518
64594
28444
148010
43054
21119
51029
121403
16466
97617
94764
74357
25767
147290
4041
79424
83746
51850
136026
63529
84624
10247
109060
143909
62452
120328
39629
13842
12728
103555
122741
92175
27128
71432
22236
4084
111194
42801
34073
87795
89923
16216
50658
34437
109771
109882
35
11500
144447
75412
81369
76038
59052
32597
111669
101765
5136
104787
60914
83339
124719
128988
135547
104974
67207
147489
77791
115358
88966
103912
22819
17732
143617
29868
14179
119823
58368
87608
44871
112975
92369
96213
129255
148916
54438
91526
36214
133770
43012
148305
33887
19703
100544
2427
46078
101592
133
51026
124382
33656
70356
23327
110053
95039
881
32009
99534
140571
133788
139327
65823
145202
44022
148025
22344
75117
4983
119555
120307
136975
22616
93734
51115
20206
54189
61719
118461
20857
59185
147731
58975
117065
53307
11834
100469
141866
67610
13787
146448
46536
26396
1229
137324
37843
113062
123917
6112
21332
16128
115705
120403
97577
31422
68738
82448
100360
278
132817
74366
122011
146713
48990
132150
13109
63679
99860
118778
44137
112033
109241
118953
6412
58353
59820
80510
2840
58547
64378
76775
61647
55664
91859
45619
136955
16021
55077
94056
21860
110360
77774
16339
18690
46903
98593
73923
10915
143716
73177
60490
37816
122018
9538
69922
42570
89009
92522
59809
132151
38013
19191
134718
25282
90422
124860
64953
51254
138896
23035
92262
131090
112849
24435
37897
27164
20268
6982
143195
85414
68057
110715
83299
105054
10081
53015
90730
5690
58687
50866
82832
74395
74154
74853
19078
20966
90958
147871
92342
15033
50221
97977
113378
48093
98003
84335
41206
76853
50980
66694
94079
22364
125351
55186
98086
121415
87251
41430
86420
61670
75489
136589
55262
92902
38434
90284
3090
118214
43390
106403
10773
13334
126148
28426
144980
32272
145739
74187
130931
63528
70085
127975
131283
13028
21653
113599
121766
40290
66300
86070
40084
44874
48936
22807
73793
101225
100156
55781
16874
11201
121744
114791
63877
32048
148165
66291
18392
26181
58742
26222
96713
13547
53806
133344
33549
131479
143934
109448
89394
143725
67794
72516
139895
137220
115599
55445
75121
27888
147432
16978
65064
83312
138525
131051
139140
40579
83013
25455
38283
6764
114537
125760
38526
56489
71739
149513
82523
8880
71859
101864
121693
135482
49199
19378
115417
87369
26511
93466
118115
27942
26815
81634
138519
116098
1572
48200
91402
98990
60292
121203
32435
138793
71763
11564
102741
123878
88913
143813
140392
26762
57925
122855
59843
43015
42911
68679
64578
765
67602
95230
19109
91168
109479
25036
119960
144250
16596
60586
137533
115791
22459
34967
85873
7317
7746
3011
93081
72826
107463
92075
35115
138432
135416
48334
99986
145953
57951
10313
143324
74654
72614
40704
81747
62593
73609
104010
34271
48143
124357
118874
18524
131504
138182
9912
24043
99251
145837
14597
95215
92964
59071
91769
10542
58735
75004
132723
61087
36774
17013
60945
23770
88791
30945
46306
58091
6406
112990
116176
130504
72908
40878
54769
118362
146835
111619
36779
53819
122641
124157
103322
141246
11127
135654
144102
74921
9296
118769
119345
28928
41490
34629
1111
90312
83544
12392
54748
2009
87125
130787
42042
49177
25670
95780
72511
81863
4059
64482
28282
32648
82709
23738
114762
98585
71522
147447
68312
82030
125424
88395
81680
129581
24871
123520
103957
46293
133553
95234
101573
110025
68405
39258
4064
81379
71352
58710
10974
131393
122263
29210
126886
4604
30050
27650
107424
9138
28579
25605
121190
4559
148615
101846
24463
10110
89425
143656
8702
75231
27469
91895
32919
27839
146913
69668
43080
104881
56858
88730
111914
45820
69011
89827
89367
124539
119040
74685
62077
56764
47363
83808
129115
59749
46258
28718
127692
94963
118671
60423
74228
24966
54108
109360
61717
79531
93892
103616
134326
22830
78675
32992
124700
20096
148390
7316
145529
109489
77862
54933
78604
110497
70411
64367
141586
113492
59562
19392
71459
19309
136237
37214
148806
135232
37632
80388
1881
58474
68585
21658
20954
16012
19196
132142
95735
43017
39212
63563
108633
141497
148824
96897
66762
18382
46959
32050
15348
28233
90226
6453
52180
8508
31508
10076
83858
98605
94870
26431
90591
75128
8808
108734
95555
8501
134269
22696
71179
19005
108229
6070
83757
137860
36505
36233
70578
86295
14776
7045
49716
81993
132729
79841
116302
80785
126179
37127
95783
64310
27363
54275
4430
73857
84504
99598
141260
58979
29359
83671
83398
13547
76929
34398
128991
127438
34626
149901
107991
138381
131472
59739
45821
84580
3197
121414
136186
127113
12128
24472
33836
34727
62764
107290
105440
139202
134648
91832
140649
12262
12897
96607
138824
37653
41760
4360
19592
87645
149070
144199
13334
149611
77891
93424
116439
108474
92806
149319
149426
29723
36088
96620
146019
49918
81804
144223
68755
121170
127070
47315
44964
126341
30392
2346
72170
94108
84859
125238
9062
27778
53758
47
115133
137937
89494
12977
117152
130362
122066
52130
94609
50895
127181
12465
11226
144112
122725
138488
32966
17305
119650
42777
70428
94256
19251
85730
19016
554
50118
33172
58142
113121
92596
107767
59880
87744
148855
92112
121203
2929
108551
41810
6004
82467
21825
78450
38615
119417
55106
127571
140663
53838
95820
47374
96427
141716
15195
99670
61600
102569
22615
36696
69274
73058
98116
142880
66197
67862
25221
70693
36714
78703
9441
82605
52028
124877
114790
25963
95687
142962
119958
87361
27033
34636
99440
60555
2703
129408
138619
101534
32996
33056
134876
35022
129583
109196
88256
133852
49417
38590
80864
77602
26799
37138
140332
114412
137705
1189
7068
107805
139005
78985
124451
55258
9268
94388
50372
81805
140689
116340
57870
140395
104829
89838
100575
25005
11761
136065
20121
94302
141390
19990
111859
134433
3216
43366
71204
67322
51861
90371
102878
83301
1089
11575
99770
83981
30781
29085
121023
118906
8600
102402
86933
86944
86725
72937
65731
38845
21256
142414
33539
9689
48609
98524
70258
98071
69935
40845
33927
119250
10860
29079
91683
39967
14529
36983
38026
77130
140134
21779
136915
7070
4120
132855
138423
123583
110469
98326
100523
52694
109138
44084
142501
24207
41671
32492
123224
3983
106040
22575
90322
105741
114228
26698
115955
41285
41019
29718
5986
20090
38803
107389
82760
85747
81763
2423
99563
18744
122848
14809
54170
124197
112852
31162
100544
58290
136229
47595
27657
23475
132940
70494
103291
13409
35939
77415
39479
57935
52469
76048
136173
90346
92374
35010
66009
98901
84614
57853
140089
18559
7545
101425
10028
19424
12489
31639
100732
112553
65538
89146
43985
21032
146006
91170
110241
82035
148277
113828
103885
109967
129776
148976
19456
81046
22273
58799
63192
2709
120571
29406
23076
75026
34155
70567
35828
81360
110601
84155
94736
68031
93729
98700
87794
110972
125239
8174
130285
65045
65607
74155
87336
143627
129073
48202
142987
140982
111223
103390
95548
119579
142230
74065
94832
63756
119419
49625
59892
13819
44798
100788
148724
40693
2542
23219
112668
40375
66310
118940
56101
33830
47211
41762
70108
9961
52495
127641
57446
105781
130078
30877
26909
89304
11638
38254
106425
141991
7027
59640
113341
145818
218
74418
92306
74194
113650
56692
65689
138152
86545
132514
62069
36703
45110
113120
38188
77767
126507
67533
14407
90353
16011
33378
69159
66696
44449
131799
35215
41912
109575
130135
112703
21279
11271
43517
108632
84672
19267
90100
125909
141320
7635
77930
95784
1567
44697
53027
46175
82411
67186
90052
116344
13298
56586
8444
110070
5110
19909
137435
60475
14867
142323
39088
64098
4249
23443
40610
121576
27909
85467
81125
139868
7954
118330
75650
95137
117504
85767
132107
56955
62381
30631
122488
27092
56901
7293
110997
8627
9159
140968
110452
85447
144580
120338
10287
109578
125941
75709
116925
125381
51974
90026
122523
21728
27891
121533
115400
59074
1927
70861
8966
94607
89925
48106
118705
40726
33445
146732
44068
71003
75558
13577
28713
136531
1321
88905
149669
25409
109096
144692
69621
119357
48147
48998
66315
65862
105366
24826
35724
57085
30990
130143
106681
110498
2066
105268
53332
146662
14559
51030
140214
4747
89381
41330
51117
130525
70528
35990
44106
59900
67623
13401
133249
129762
105116
100042
79763
119976
58348
146395
35137
149087
26222
77276
87226
132845
105682
132876
131732
85028
122075
122889
82905
111098
123984
123668
49913
108229
131513
120897
127088
50305
86702
99706
44499
87211
19558
68259
133262
51495
99898
99828
162
11176
83701
40469
102798
128420
25482
68056
45909
50140
106936
105019
128797
53175
79553
116686
46834
118461
102244
22342
52679
75457
58456
9631
60315
109842
56423
68489
19696
122587
93909
53954
127451
118910
59380
116035
76931
105127
145120
37729
37833
42202
140843
26816
101903
80924
96509
18384
115667
76236
147504
121407
95423
107295
30917
104132
14533
144277
68943
2807
136222
83564
21166
146619
114709
138223
121154
36459
130230
47470
132292
73153
29147
27462
101156
45974
120038
68396
37337
93322
64931
119630
60577
27107
36323
63038
146470
135864
124582
137634
139932
108897
27252
28502
46737
81084
6505
122652
69737
54506
42897
23595
71631
10931
29784
47666
36323
19379
29804
136160
140687
101806
137118
70911
72429
30970
114740
83333
34822
91269
27601
32775
101084
22130
50116
47315
77201
70646
63534
80790
33834
25050
18105
132346
109514
61730
50499
91788
10133
26918
18697
124344
75514
100488
132721
7503
133366
114695
82947
119267
24847
136430
104062
86860
39073
54335
46447
127240
98642
141176
61449
137218
42758
64282
10212
369
11498
106459
92537
98547
76550
23121
106167
88956
48713
144955
68721
24390
99553
52517
69168
58359
45874
40604
112271
50138
126519
12224
106289
28723
65784
78031
1285
72508
93128
97076
10084
1089
38549
130184
127871
33929
39241
2196
61864
22654
94647
99864
8171
40473
109855
59918
86945
60893
16650
109666
117166
129808
148903
38297
66014
95413
21681
36989
28789
105014
58949
48149
76560
51640
21359
50818
93962
110986
59349
95558
28204
111168
31168
65891
30074
108257
77382
109530
128500
66379
53522
66211
36677
53442
135886
31828
78446
5981
3846
38544
81929
68321
78428
33220
107689
105098
147233
32321
122836
142424
63681
56415
92337
62411
106287
37451
16858
57606
55952
32381
24587
6422
116068
19437
85120
144679
98985
119995
25082
91061
62386
127625
40964
109042
109136
45113
75455
109863
13385
117462
93178
68093
8694
13041
117844
24458
66252
35706
9906
109166
55045
119672
95261
10807
93545
108604
130310
74381
146141
5731
78813
125070
78790
5322
108633
42920
37707
47172
18039
76230
32825
66268
85686
99125
53371
132178
5061
68320
76262
95777
109571
41733
129184
117055
62086
126101
53008
49432
66739
119669
144616
124858
27225
109010
7090
84590
146578
130034
52745
38199
30511
127105
146513
26907
71984
127925
26512
84301
44038
147232
64530
115385
61923
119819
10301
140342
55227
96577
93253
108916
100993
86662
59441
70054
129621
44212
45410
52546
88373
30388
40194
147755
94372
33612
44425
50982
129927
131678
28303
69872
130597
18717
144044
102323
148995
125805
92639
2196
25075
7649
71082
103890
2065
105238
65335
88291
45793
17291
146215
149248
95998
79983
102081
37070
91848
147858
98871
90894
143972
106843
49370
133308
115229
54622
140347
70346
124176
81852
2904
110815
47823
100907
5572
91319
67296
132194
5214
135121
121433
135971
22442
104613
580
70254
128613
7216
52143
61310
20240
108020
32021
127066
50857
29973
33516
95926
43025
97697
120313
118005
58472
57359
76148
107136
74506
23466
93539
108116
118591
17179
121025
86046
64698
99630
77819
10927
82113
91570
118153
80550
11085
54986
88522
134254
145707
4122
113395
106631
124969
64544
64343
109298
47992
122899
33543
83135
99010
102458
46951
114616
76922
135698
122965
3739
94509
76087
103936
61893
75579
135214
11380
124008
111319
15717
148233
61311
33823
10469
87455
145945
97769
52797
59116
46008
24379
122357
59895
3231
76913
54410
6185
82896
51761
96652
54255
38646
116108
80833
83537
85535
81476
53839
52871
20218
15944
53931
3465
71800
119947
114936
12687
102292
52568
84401
130359
26706
101849
81021
14373
33060
144864
3180
112556
28461
28112
25679
139099
41280
24947
112996
85398
61300
99891
105287
75808
47505
32664
108008
121872
139017
40430
56750
147858
119355
89686
134644
11003
84847
74789
118849
111704
130527
127442
3732
20439
3616
84981
41969
145013
30983
33162
68230
37513
12696
132177
110168
76711
7293
139934
135786
91434
50134
147124
61292
117096
17178
44434
87315
93743
28275
67205
29982
11385
20474
106196
21462
73039
78024
4643
72773
103623
27895
46971
142528
106495
87148
5999
105990
58088
148555
80835
115446
144624
3592
70303
122168
42468
77077
50501
59146
87006
50347
18189
137474
141676
27677
76608
82774
102963
113204
65684
115656
126802
127383
46678
110086
127454
89573
39419
75174
129727
115114
52233
52113
46076
91972
81713
51911
13483
78100
105327
69890
96148
96715
107442
60116
53421
79943
60201
88239
36008
23606
99877
25270
149572
109089
18988
68052
18142
56109
76091
2130
20611
103076
3454
7228
114849
143806
60482
118570
112078
47684
57793
38410
4373
116392
31293
121327
89868
44479
30489
51867
142356
142278
84082
45495
79706
100648
129172
140264
68528
102127
97994
120193
56484
78363
81581
123309
43803
17212
27899
119639
22511
6514
106432
127466
15066
141751
110623
123733
19661
40321
140782
23399
76235
53990
25420
23182
127705
139245
56766
106039
63384
70695
12989
113322
109256
96442
63209
87707
111827
137862
132869
72712
97436
97441
99896
20027
39538
130230
110140
35250
111562
58626
54305
31187
118537
76714
110899
115350
75613
68876
41223
109779
38929
58202
68903
32310
117470
53810
55157
143146
92260
125689
80912
53939
117583
51682
86771
137821
33770
11724
80961
113069
124597
70863
37585
73903
65611
58368
103728
138459
20972
40484
14758
93096
19639
134504
140453
111200
78517
42282
33925
82920
141712
45456
106526
85119
106902
59150
102804
122759
83804
106419
148704
14282
55984
110820
31887
27390
57308
51181
117782
90442
29337
99763
43500
85590
19606
127119
46569
78609
92928
145266
35593
82428
66302
92281
17784
110371
49292
88479
58490
58757
661
11841
23081
130065
71333
133292
146360
146957
26789
115664
104815
90568
35109
49557
122827
107734
63868
93700
35450
36870
104245
52358
103742
11789
85212
28535
124920
109393
25370
87700
27113
143436
26262
34130
57407
71530
113026
33063
52054
136045
64553
22193
7695
67525
37855
81101
55555
103718
92993
55841
28962
56927
31165
27718
85576
62736
130464
66836
38082
122340
2270
75045
135502
122138
67923
96002
147574
48212
83773
44437
136600
102198
130012
2198
89525
37702
87106
22066
111439
52097
80649
13872
3103
84815
7148
78331
65075
91817
51768
20949
147311
16959
121914
118450
21649
95719
32547
126522
98255
25947
30543
32605
133864
32995
84665
105954
113814
93230
125163
74337
104105
31268
55286
115237
42105
52195
86941
33399
22118
29952
18669
105970
108687
99428
89951
64261
60631
102415
127005
112977
55463
97774
49046
32326
37222
11383
14012
51446
109833
148080
107752
97608
80999
67414
131413
28930
121563
51141
108869
35751
122465
86663
104906
6884
43494
107805
73984
22649
18886
146036
111892
71165
92483
57437
81383
90089
35797
15479
52571
133194
121619
140184
9657
126083
91225
24776
90809
96492
84650
89927
69254
101730
78452
114066
146571
78893
105828
72997
52889
110547
116747
31620
129190
36122
28960
120926
16519
136704
96463
61410
16702
7936
73799
95640
131364
70231
91928
37078
64771
136646
3839
399
107395
36329
48897
21165
105186
112700
118522
78125
46817
123410
125088
107407
56012
118948
16970
98001
18502
106822
44625
10443
79661
123822
31105
99865
149973
94830
73300
77273
124879
4595
145973
78695
55644
126509
103475
128501
72556
85854
64768
51928
51192
77645
21327
49716
103483
58266
106824
116575
132761
129290
29302
138277
104792
46024
7118
13136
17099
81852
123658
118973
86549
143610
82793
110642
12435
91211
149944
4248
86287
19138
98018
35083
71999
99452
56627
26978
26330
22298
139434
23954
22821
65215
110546
22288
125834
23821
112570
89302
54295
133820
132323
117366
114389
64180
106372
44962
115674
113115
72883
68033
76752
121947
53749
64881
4183
126777
108246
136464
113381
61968
105179
80825
103423
119083
118329
23083
3805
122847
43675
58269
87953
143016
130399
69371
52697
54406
6105
108667
127967
44835
87557
92037
58480
119492
104816
141137
122569
5497
104302
31742
30856
76884
45985
65258
12934
4806
33023
109074
56532
137375
62489
54717
47231
50054
95146
16798
140369
114727
8609
88562
35979
97202
90716
103412
136385
93889
144772
62173
72401
102129
64005
38117
5303
48338
8300
8992
99604
134777
23113
82274
139706
69761
114511
114591
139413
131996
107652
123363
63794
28799
146752
82699
46550
32660
8364
38600
109629
8228
34387
106071
28735
94180
29496
77652
43566
42340
42554
94713
12468
59787
124652
101893
76497
64860
109858
49865
32075
25955
140440
47085
56486
89335
112699
75568
130910
89528
125767
60306
32270
40150
81289
70952
15184
62300
54344
108699
147054
73220
4827
57104
35868
109073
58456
130601
23595
88632
79629
102100
40582
146125
96055
123343
125861
12773
83589
105003
103137
18520
48892
55136
43019
75429
16743
68673
64058
51455
15566
111832
101783
114133
35667
56237
50772
142521
81604
111538
76066
140432
13769
137929
51743
38907
52151
148179
69113
33355
61473
48516
116217
32575
45522
18183
95147
84161
119774
110831
118604
100052
86194
12621
62260
76016
80758
29111
6823
1849
78089
1605
109954
17269
34425
28516
124960
7072
106787
60836
98407
43725
98653
103276
75213
97699
32961
47461
94546
94289
136158
128274
108952
139935
48966
41758
48978
77073
135946
29424
26009
38126
127924
51017
119472
140526
45674
35385
23728
65881
70154
119964
56367
127369
109024
5289
105804
35212
79131
5685
69288
42931
22499
60880
29095
15977
96586
69562
104661
32672
140187
7036
96902
72941
101000
67325
4003
23463
137038
8070
120354
102745
141654
121259
111220
64695
79191
38009
42184
24780
64951
146930
5569
116512
9450
143800
144715
54075
79265
57675
79510
121956
74023
84015
125988
61224
45688
44421
74127
53689
32050
16058
121433
638
27728
114229
7949
64862
23805
147421
126031
134538
3798
114916
132390
138001
141187
1280
25758
144838
139052
86616
105851
112608
47286
106334
38547
51116
92868
65775
26120
112221
90478
61121
74738
66387
57716
20296
995
87909
104654
6547
52155
76681
43028
112310
104530
60772
132866
56074
14994
94160
81622
74656
73385
119001
92926
21234
56818
86102
57360
137366
358
67673
113408
54651
131046
59087
44963
147929
127400
52303
57817
103677
139192
73429
73872
36529
94756
45236
18125
16923
135112
43892
79768
16934
72726
121177
77403
143104
16306
66072
21513
145085
147395
41262
102981
30491
73322
123677
100405
131337
33985
69139
72303
109472
110765
135786
92296
99933
38414
71014
2144
99615
65243
145345
1021
87833
27131
88163
36522
3985
37643
49034
57197
84059
65161
1496
19721
36467
39838
88219
70310
10863
102393
136618
44331
32327
84913
56376
86044
105043
148403
90344
95033
125184
36332
45628
109533
74521
27602
2075
137122
75379
4673
50361
55311
77346
34524
3735
67287
64715
22073
138129
53220
46847
85463
41811
28235
136763
139420
67592
116221
7463
54591
43348
15035
145264
109269
99389
34908
107044
121652
62994
98755
46786
9565
55404
126127
105488
8537
106065
124506
40391
144913
536
138431
2052
80013
10628
93524
82341
147984
128856
2858
88236
67499
90006
60141
145410
45585
73812
12090
133690
13231
3386
32735
104229
149344
23174
102017
11345
38496
143708
86684
19732
113340
119414
83857
27743
123301
137833
39034
132902
55558
51048
98995
102980
3094
118077
11348
61685
14372
124296
21976
67084
102110
20516
14691
12193
21248
41802
111934
142930
77472
139809
13607
6631
17893
68961
64703
122821
24162
63108
41715
25995
51475
71195
1152
24095
87044
7569
124188
67612
68011
108959
123222
139422
42606
19566
51061
59554
75706
124149
69741
59702
49156
9772
21914
89292
93738
46300
114542
135649
22534
48997
39668
61706
61899
98610
71892
123716
90024
45551
23705
132986
81306
117482
50783
108751
145479
14727
25013
59056
132584
51231
112968
131405
5761
89944
55366
78925
20518
59091
133273
21460
88154
84181
77903
146494
119395
54303
104220
32392
89
115973
34366
38841
93466
135887
28337
71643
67521
138738
17844
64962
79990
44116
126001
1560
94639
80593
73715
124606
122613
49659
72784
69371
99921
34790
145443
56275
68677
91092
81101
90934
92425
130234
133853
52552
43335
127567
39823
85392
74342
118456
138595
6661
112477
36688
101705
6103
114361
55816
30262
103623
69857
69247
23646
44303
144741
90409
49345
8202
69396
60765
49433
60315
85390
105585
67861
121384
82656
13887
86726
57735
129819
79977
64642
142408
132178
75153
48695
129365
129444
90913
89640
148528
54585
115518
55490
106033
119230
39894
38327
98122
93291
115487
69767
132144
63196
144606
18594
142670
789
14536
146270
97475
116155
52982
131899
67030
74071
10550
107717
48878
125371
117435
57841
10790
3934
136236
40348
105933
109917
128859
117455
31514
105546
118306
108103
131311
143264
46989
42632
101071
93123
8107
53066
134863
139022
130998
120771
53095
46486
111504
115783
57742
5374
126000
46907
45205
50720
147392
91460
54002
123600
114143
135791
89710
53748
26342
149246
59361
70488
42603
16102
117660
137416
54625
55265
1425
16072
8740
115526
122054
17159
148250
6509
87260
28939
92725
59745
114910
76401
27987
24582
44493
45969
62918
117477
65333
133891
43280
120258
8071
100957
107831
18672
58419
114396
72482
15706
35192
43951
84628
105132
143555
124705
110550
123260
102037
75175
120997
67952
69693
90361
109367
133629
64111
11923
18780
11374
2682
119637
20407
17244
93936
123718
44484
21116
69617
15036
63178
38986
133089
63820
131301
87814
74278
103504
117335
31380
42560
142323
63754
51196
128329
91847
42314
144365
98532
138619
142852
55256
65217
67053
126873
30241
58573
128658
83796
127617
8379
35090
131416
31592
71104
67654
136698
51811
107814
112968
73282
62360
26876
129430
8217
29131
81105
128499
29204
119733
56247
15851
57228
32313
61249
132492
84645
143810
33031
76267
27193
65006
70402
108368
15557
100283
28503
124779
146895
147878
125184
9634
124630
129478
103196
107661
8534
56159
51443
108792
130210
91380
85610
70024
136288
139906
28453
128640
43427
50407
54893
5455
99612
136378
88105
36304
10439
97900
18340
122870
10404
73028
109425
11514
18051
146000
33127
130461
93857
22071
84196
96313
38125
56154
58202
39624
73822
134164
139701
21129
85209
57765
119087
509
15332
146661
54609
47825
13409
78675
33889
136944
126565
132872
24524
4886
34160
96687
142631
2664
26969
69326
63806
84861
7848
43830
84760
120114
109368
67944
96094
35472
45941
138083
5565
76419
136490
2881
94559
130855
115835
7870
62793
17466
101342
106890
113719
119408
72940
138103
141501
141638
92582
45259
106903
49840
3787
2211
62978
22475
130106
49680
81142
47020
87701
75983
1959
80115
20591
72373
145860
20738
53242
99913
27571
115133
77643
74531
64665
65057
22565
127047
35529
96077
98477
77131
146362
31574
67627
50918
4947
48446
119226
18576
67803
108784
34232
104768
6696
90714
96074
5936
105058
120346
136120
51723
77073
3641
125111
28215
55382
50161
31830
24362
66191
134384
29112
38619
19500
130266
62568
138534
128765
148338
19451
38890
20686
138993
149453
133251
13172
30845
19398
63193
12279
46103
122455
124829
77903
119264
44194
8452
72771
45888
75812
140390
45429
49202
126857
66925
76117
35215
63839
114039
142635
35939
136074
92727
139668
142938
64596
7508
14396
90888
133363
147742
142851
14787
96403
124657
47608
110397
107150
46003
119449
79931
95051
43854
15142
128372
93847
142316
55688
61631
53914
133049
124891
104585
71247
98862
119334
46783
12208
5199
51398
35166
100120
26038
105798
47490
135487
1971
46897
140548
82796
34304
33018
71987
49946
19153
63613
42708
86631
72500
149425
81366
117001
80880
126734
62461
48929
38909
111471
16825
127589
60918
140696
7856
24428
2348
146126
137425
88735
142713
40463
64795
16609
117690
11443
28165
147725
51561
5323
42372
46990
46660
32546
27235
49078
806
118529
148667
55096
90216
132615
43659
70485
91882
140974
107641
11858
12514
6285
129269
59708
95663
148510
47496
67016
117832
34504
76684
94469
28037
31501
124193
29040
69214
17165
57465
115750
105645
35837
80329
50942
81249
5882
113318
95586
120005
147423
24566
142538
31048
94646
120502
123490
145217
2880
45272
90570
131153
28857
38894
50065
15198
141300
118166
33655
3274
21703
73415
109362
13232
118532
40005
44132
83927
12902
26711
104474
70201
141394
23959
138
64456
52645
71826
97615
120163
936
56657
73860
89141
124346
100744
60199
121199
25296
54770
131967
103301
148414
78554
54361
145459
148385
116672
15989
34810
49692
17563
142959
92575
5995
83352
126288
37784
36099
57814
11641
61590
10624
96642
87606
95754
147359
2850
48207
27570
118761
90872
49406
122238
98971
134816
66580
79865
37043
140758
142939
66791
81511
130259
75243
52008
23769
8218
105817
25742
128311
126887
69290
135063
67927
43924
133463
41698
144012
127621
45234
11394
71181
16952
55133
5754
14054
117270
71964
76644
78328
141692
76768
84219
139034
141337
49006
139258
30663
129783
49891
77924
103426
2204
112071
103072
21450
24602
45325
50002
18253
46385
67209
11041
41069
9462
84407
75232
2702
94463
62097
43737
5363
70586
146386
123305
19248
100505
108338
22190
8617
117394
142406
69680
85670
104113
47880
109634
93595
81959
95992
141010
20727
88014
101450
65381
115847
47143
98514
27882
5331
66274
21596
108050
149700
23585
42431
108778
98767
24490
61740
149511
133321
136425
49309
38665
134971
144104
76639
91077
84091
73458
69488
133500
56842
53677
132151
2640
14011
41491
67280
30931
8914
54236
45119
66647
128919
12147
124053
27158
103875
62603
85165
75097
105025
10103
54926
60251
115852
62225
48479
92188
72472
93364
22666
1036
125507
107438
19803
110581
17336
64897
143691
77830
66972
18544
81622
90429
68830
80832
27696
41201
19743
24349
39208
134602
12862
107697
2098
36393
104644
143496
118221
30171
113543
42945
93886
72236
85089
15986
146061
97392
139738
131293
23534
87866
93854
95247
30113
130055
51785
58825
120667
84232
90748
125145
146630
55046
102248
21310
85247
59411
69262
53875
50104
117442
15280
137006
40094
61843
72805
24493
9238
82678
11712
95692
24554
22434
72519
129222
38601
79830
2332
28909
79984
131190
32183
100740
53680
135115
9013
90515
98206
57795
51632
20289
4496
12095
83392
131087
99821
26515
139231
130898
129345
55336
108317
136039
52559
136278
138381
23101
22190
103592
143580
121731
94518
88495
36790
103261
72902
117148
149205
27471
33378
120317
14989
13642
142004
85529
53765
21092
6383
13658
130681
116716
146319
80501
26985
69105
27223
147921
81585
22479
74348
80021
109641
131930
128901
15364
5174
32629
37307
102207
87598
43580
104798
120338
14861
26904
80805
97679
65501
94623
29582
95821
44454
111611
129421
26361
71175
67919
12824
147632
123439
75021
43263
47818
63063
24539
140661
138648
42095
49190
31704
92757
144202
14418
8633
30390
28026
114871
24056
144832
74852
74660
31846
49158
74532
35460
3739
97599
14082
134293
25143
106478
3262
56142
112683
41516
75455
58945
4929
19016
100036
85863
76888
31287
35028
94425
100222
85125
905
107049
139662
59882
128097
119120
108360
110572
116695
4514
140449
125331
110201
116314
19329
88643
131104
57568
101263
90452
84909
143684
8235
88081
148848
47411
83648
9641
113150
24160
83020
103140
2800
98967
139924
776
85487
136910
56045
55377
64089
40747
33586
80671
27984
130385
15923
109301
112480
107375
44828
130885
9235
42932
103460
86121
67220
113715
83669
50605
38183
104817
107825
4625
125243
128786
59127
144384
45462
26418
28292
114823
110325
39313
51622
145521
105773
95123
98142
56874
102572
147814
34530
91643
15633
26584
95911
55456
32850
144934
24465
69003
99211
51934
143154
123910
99574
113065
34435
69672
30734
148756
28492
125222
43044
73281
18892
143619
40209
135329
10962
115163
72295
5083
118643
34601
120238
144262
80595
117134
89450
62187
149872
43973
27425
138223
130018
130352
98476
34003
139957
485
13077
145224
15626
147177
146026
29587
130105
65062
135895
4583
137154
77064
79477
42629
3220
29188
73256
89458
71558
120991
42098
105672
60068
137501
79047
125643
89330
108687
13873
73638
137837
94569
120471
90767
53022
97760
119396
121878
43040
130005
77808
55066
137579
54312
93867
52583
80062
133993
73759
32944
71769
69201
83727
46969
46713
22360
37972
2668
96686
105238
62923
135582
126058
20631
55927
105286
106875
82761
149885
67321
97796
99506
130298
108812
50171
39124
29547
28098
1337
18940
135801
128330
69162
109964
50968
21928
93436
110571
4512
86626
55782
55471
29614
29169
64587
115992
64406
34650
125425
18517
57596
94353
121351
104189
115823
90387
51753
145905
58704
143209
143221
95990
145953
29694
12590
54409
145521
83075
8789
92086
50806
128514
39516
94251
95621
124155
117060
110802
146023
70127
96013
105985
102098
72607
113714
79891
136960
88853
103474
104775
103140
93633
53590
68760
68585
141744
16866
147576
19361
46988
135355
5745
148905
53078
4801
95771
138077
15998
119653
18008
60514
48285
49930
5710
96327
64923
88813
12389
35858
34919
66457
81477
34649
96765
28691
77625
63356
117800
58330
9672
99455
136809
88552
21978
96604
89698
71685
23592
56024
14865
61511
115523
58339
140793
49880
139188
46180
34480
77133
8543
131604
72626
7290
18281
64521
91051
117819
103536
17774
82311
61487
125977
83684
58319
91403
49257
25806
139070
116468
90290
71421
36390
138546
76440
86772
111165
53782
66817
113669
91331
75351
56559
73135
119284
50496
139966
118745
49061
46457
32561
122703
98545
71244
15219
149421
102301
22909
21359
102627
44990
146305
53046
130534
101630
146749
4292
120498
32008
58235
40808
44475
79800
72086
59167
79682
3255
132107
69648
143331
71110
124252
37878
104760
74982
60433
1718
143435
72773
126822
85862
7810
90616
129421
15535
108144
111775
29245
102587
118730
138787
7366
35944
25930
102503
59021
98460
73089
75059
66933
74500
45079
13098
90480
84686
39504
91253
97222
18298
101284
32076
106787
118764
44543
44988
23188
69926
62392
104069
116582
122241
59928
61717
103968
83225
82636
110098
19418
107311
73755
141836
77276
29623
11481
44442
119594
79182
83018
29421
93538
2270
125261
131096
55728
45322
101121
118038
114321
95316
41577
110127
18648
4066
41347
37070
80195
49215
129879
108833
2007
58895
42311
53554
44644
94742
132879
10853
136852
128436
105671
50694
81228
126232
31125
123336
147375
22361
132115
52775
143934
86123
118405
44281
21054
50576
107343
61020
128654
147888
81465
28081
76597
38363
24988
28929
93152
147436
91445
35896
75586
121115
71278
136843
111759
81194
37143
33587
122022
58812
39988
89732
4955
61092
109623
87008
111047
25657
82638
101646
36869
47133
18858
32855
58296
54337
50177
128653
73747
98648
15715
51375
83254
92586
128979
105875
32116
104902
133967
53107
124380
57527
62251
116253
25500
8740
96050
80970
36518
81407
120724
47421
107230
43358
38543
108364
65996
81317
76061
84698
27772
148387
33788
85070
107560
80785
90072
6040
96297
55665
143915
143894
41686
18276
20685
97448
108096
23181
122134
138538
77816
16322
64846
82601
5485
8079
108310
109858
134124
18427
56603
46505
82806
145253
62387
64082
146512
68605
46336
28332
69533
122297
40905
58772
132667
111537
7487
9025
143154
100636
65170
124354
32878
148393
57090
38523
91591
38279
13542
134148
58233
59056
36292
141752
128123
51065
38932
80
145364
78216
86151
23332
86853
126278
18688
104340
18440
139219
24926
102026
94075
107958
147325
15643
129278
142342
31889
16605
60353
96959
61353
147399
67063
135908
108321
5483
57017
144384
66334
126060
119588
3356
25587
88571
121614
144093
4493
4836
38153
4013
110785
51515
53383
38038
133670
123197
34969
72998
53274
113850
135046
44064
103890
89973
43323
59761
113014
136610
93421
147732
41833
38946
124431
108717
66280
19189
84526
39063
15512
69445
71070
63087
129117
29306
93214
29104
48925
43586
103836
121743
141647
129626
54184
51816
80037
139902
144210
