153
4620
6524
5364
5681
7987
4028
1599
2153
6183
3282
5632
5289
5031
4499
3267
2665
3957
4337
686
1455
3440
3348
1512
6519
1296
1068
9307
7156
9427
4263
3624
8891
7280
7587
8438
9785
3700
9465
7059
9480
1399
5717
981
9911
3717
9225
3976
7322
7232
4284
7412
4402
1298
4651
7587
9335
3029
7186
3964
7007
8352
4318
4362
2144
2352
7888
1787
1133
9174
7592
4914
5312
8950
9698
9100
8800
1668
4630
9482
4786
4797
9713
2372
8798
543
932
5320
7873
1169
7008
8965
7926
5906
5232
8414
9854
3686
3090
8527
411
9332
2842
2252
5151
1290
3408
5887
8829
446
4812
4344
51
8580
4367
2259
9668
5213
2249
8328
2083
8199
728
8006
9171
7062
5750
2619
3995
6913
4140
1501
6851
8084
2667
7101
804
5398
609
9496
2206
8114
6112
7178
4850
8052
1125
2198
5814
9050
5948
8402
9960
2146
4769
6882
4805
6563
4176
7935
2899
7628
3627
9491
589
3348
72
4824
9743
9243
2285
8511
3167
7129
8015
509
9222
6857
8905
530
9841
2257
3387
5209
56
1021
5347
2875
7566
9740
7551
9268
6326
4012
107
5023
8541
3891
9566
5501
7747
2110
5496
562
8959
2353
326
9137
2360
7651
5903
1246
6247
3213
789
8057
4128
1264
7797
8149
9562
2568
8428
1027
1373
7738
5790
9626
2581
2769
2260
5544
6270
3071
8985
2122
5937
171
1642
861
5460
6581
1775
2114
2923
4278
6875
8548
7905
2724
5105
5661
3174
5116
3718
9644
1819
9480
6502
3620
4419
6364
9136
2398
8745
1885
3991
8577
4095
1907
3656
3030
9068
9114
2388
2868
2067
5543
9901
7519
2864
8092
825
9434
1210
2852
6654
4420
4175
8758
4328
3734
3793
7918
7566
9564
6393
4631
3210
972
1825
2205
3662
4310
7159
702
7989
67
7896
8185
1760
4542
4632
4139
1661
5372
812
5221
2555
8363
539
5064
4591
4429
7327
5051
75
6446
1393
9130
6130
4566
9273
9855
6449
5920
7463
3616
6877
7390
1039
5761
5177
2533
8631
6650
7846
2595
7683
1684
5759
7049
1809
9528
4963
5340
8217
4553
5401
3344
730
8543
3612
4139
2186
47
9630
291
1013
26
2334
2595
5984
7910
5500
9568
5462
7205
3523
7454
6255
7210
6187
9202
2231
4441
4750
2343
1771
7327
7770
7896
8348
2873
2820
9433
6754
8845
9632
3365
1561
4300
9225
2003
4433
699
3859
5872
8439
491
4962
7248
3904
4406
7514
5270
4691
5422
160
6233
5894
5440
5941
9275
6046
1164
2225
5914
7745
8348
9817
3329
5495
7144
6348
109
8855
7065
939
9176
1722
6580
518
4867
7590
7393
6772
8940
5447
303
4433
7847
2507
8702
8366
9944
1139
5940
8973
8220
9661
7279
8829
6825
9431
2144
2961
2496
5653
4616
7800
4376
7181
437
4339
5345
656
6826
4840
9282
353
7186
6498
9886
1
4999
9602
7497
8102
846
4520
3738
9571
9756
2043
8932
5355
4581
6207
7291
1459
6544
4731
6211
6001
5162
2471
1052
57
847
5956
7920
5013
2381
2933
8474
3291
9648
2042
924
6769
2838
2131
960
994
2105
7483
5734
7884
3016
5544
2851
883
5893
1380
4188
3422
77
859
4283
2629
2212
5065
9464
1420
1843
2528
9270
162
1428
1691
3306
5663
34
5136
1739
2371
4720
5528
609
8468
239
2016
8250
8456
5593
2562
920
4866
6963
6650
7589
5218
8262
876
9944
9113
7337
846
8006
4037
4592
2887
3147
94
6266
1557
426
459
5453
6215
2167
2747
900
3818
2738
4952
9792
3929
6210
1475
1228
6561
6044
1420
39
8584
1489
246
32
7177
4612
9031
4945
8297
279
3404
4526
2088
5355
9015
1288
7127
68
4485
3757
3522
1981
409
6908
8410
9427
4438
5633
2915
8122
1383
6128
8400
6208
7495
300
2095
126
7625
2211
3143
8484
565
5490
3016
7943
4064
2698
8739
4154
9994
1250
2626
8494
6660
3063
6102
619
2125
1245
1339
219
2912
1976
6567
2430
9288
7785
8530
5809
8090
7447
4024
3584
3483
6773
9735
6384
445
7316
5742
2378
2472
402
1556
9364
8744
243
6158
4062
557
8892
7954
3290
4138
7686
9244
8381
9769
4406
3649
1121
4002
3692
2238
6710
2946
765
5453
1888
5120
9207
9650
4813
4174
6391
6865
8040
6428
4601
4856
9658
1041
4368
6721
4764
6579
5394
9534
6191
3098
5339
648
1497
6884
9015
4545
2295
872
3069
1173
9667
4385
5872
862
1275
6455
9307
7634
7976
3194
8501
4454
9952
806
3968
4731
7269
4961
1217
8
9405
5684
2540
3529
2939
7854
6222
7482
9668
4133
3597
3312
647
731
8575
2440
5641
2517
8308
6614
1290
3513
4551
2703
5309
7012
607
6337
7069
4163
2417
43
8421
8617
326
5986
5723
9251
3969
5277
1745
8852
6666
2383
3527
6810
3595
3519
5567
5209
6719
2008
9587
5192
4216
4361
5077
4586
147
8998
8804
3059
9298
6006
1894
1686
8594
8042
8799
9270
4286
7230
2475
7887
8442
9802
181
1072
1932
8289
8942
2403
3332
3936
2708
8694
4067
5425
673
9204
722
7520
5502
8927
1396
9027
8144
1326
3055
284
9177
4828
7449
3336
8020
4544
962
3025
1337
1829
8281
8515
5585
7122
4529
9359
2830
7170
1860
6035
6826
2708
2734
7141
8971
3819
3446
2491
4045
4933
1769
4701
4342
5226
62
6231
6370
7612
6473
8551
7171
2698
6560
213
6627
5619
7188
8572
1791
8155
5897
1954
9102
3254
3014
8019
4037
8407
939
6651
3035
9679
8799
3432
2787
8945
5983
2081
8345
4971
773
1157
4253
1684
1771
5667
5820
5282
1586
4230
3019
3394
2979
6442
5417
991
9552
4885
6328
9337
481
4921
1574
954
609
9205
203
2770
7568
4169
191
3035
4795
4089
3443
2335
6752
3242
5357
8975
5402
4024
9990
9248
912
4269
2224
6977
493
6373
9477
1786
4773
5056
4763
7460
3037
7638
3484
7068
3332
4401
2579
