19408
53084
55866
11639
64062
93759
21785
85079
79522
30481
81326
43915
92894
104
38703
47004
9375
38866
43271
77029
16807
63913
26388
63525
85570
58643
25351
73673
41872
21352
23419
30468
60129
10040
32914
4285
44343
61927
29876
35056
15972
93058
25691
68655
54315
81687
94728
1468
18828
9956
31642
98161
57482
96532
40961
52952
63353
61142
97551
9655
73870
66016
91004
49441
11085
28119
72129
76714
9318
37562
6736
23012
41613
63135
49497
63999
66748
65020
77287
53848
41217
73467
34064
44808
38219
79146
49962
27139
32705
34895
17121
59181
50686
69991
18297
40750
19479
15070
22213
73426
31619
46337
92931
93442
77423
21464
51673
10548
92215
5759
88530
52843
86753
69331
66622
38903
9360
52125
84337
62980
57679
28617
6684
73994
4302
69684
26188
9665
54438
3341
47770
26111
49514
72982
59458
89587
61522
19685
64991
81421
3346
42564
51856
70719
38068
71349
12698
64062
12212
20712
8377
89819
43165
17326
49329
50298
25849
38068
72925
43346
35427
26452
19353
70568
48494
53398
4457
23856
38781
67001
90547
10069
27281
13835
80514
77395
86322
30950
93080
6494
91930
35516
97856
46956
51157
43814
84605
60228
98922
24507
5994
84334
85761
53127
53887
97410
80939
5350
37442
72818
78422
69954
17316
84669
82044
1565
36180
34917
69224
64063
77757
43005
58997
72490
78312
330
29424
95017
32971
85206
94003
41073
95065
8474
93412
85371
89785
84260
17290
91555
81808
54629
88111
22298
53128
61893
96810
66723
4683
96012
80004
68899
63259
85515
87959
59374
37928
91440
71286
46981
91779
55758
34076
28941
13219
49175
84406
61390
233
72445
46049
475
80745
77260
10480
50233
47
55154
31977
96144
53981
99315
37835
27614
15165
19526
86562
34037
75383
21479
85952
88458
58803
57752
67673
37813
22359
44999
38697
66773
3567
53105
8449
77998
93295
50861
93393
17855
9419
58957
87556
20452
83878
93454
86146
30432
142
14880
7063
4012
14852
47863
95681
27341
50984
30219
55308
72575
90045
4346
23348
59324
90721
14236
97237
27286
25054
209
76946
66896
92137
49025
66239
68452
77691
71800
27164
3316
31140
25844
71532
68910
53374
31975
60010
12072
8966
16372
9187
31204
9193
82505
91652
15999
99283
20799
19473
52625
72369
11373
85011
23442
92283
44949
64488
61451
65439
49896
11459
46044
55049
52804
21615
19185
27545
59907
87808
12404
61742
36937
58159
32413
79518
2169
14895
46320
47892
86298
78590
31618
63471
45235
77491
81571
96547
61865
74729
21406
74651
72115
42476
98705
80193
36139
69787
68118
23316
36643
90533
20500
85747
78333
98565
57451
75163
98368
7179
33631
53635
73779
75630
43333
8208
4226
78476
62316
5248
11322
58713
47204
61448
79950
23582
10611
99062
81672
45477
10779
52228
57319
12648
70564
6210
19788
22196
76480
44796
16211
25462
70318
38526
18557
87751
83447
45273
32378
18117
56669
34106
38264
37983
95461
81121
31711
76611
21608
10536
41775
62224
58513
77170
64208
98628
95279
33169
89460
32176
54653
77498
43516
57473
50768
77875
32158
9761
96795
46221
71483
14049
22952
73048
62410
40764
49738
15786
69138
1180
94883
26737
89399
16216
57054
31622
93329
97637
35127
64241
61849
75779
26820
9115
94411
93007
69857
94008
56169
48286
67793
83650
78717
98943
3756
52940
31416
23439
24603
18803
48119
72115
99460
10373
12034
42221
2097
71987
5070
11362
39538
49294
74469
21773
63251
65852
75013
76023
94724
12292
44133
89264
76198
66437
49994
23127
99997
68099
1288
99345
87471
22652
68876
67036
26394
57413
19724
56045
95628
90080
36458
46371
16067
5986
69390
38673
88841
88120
28669
12354
5750
25274
45454
59931
7930
4003
22594
20187
25399
44302
75223
82186
79830
61152
13243
86091
84189
30099
30339
44264
73735
17542
26964
68523
32057
49969
72879
85864
82513
39327
82172
82800
50059
58033
36526
36444
42125
8549
47212
96421
8276
76834
19129
62273
28989
49875
28009
41614
77456
25065
42499
59426
98757
34840
64541
76057
55779
12221
66286
91744
18417
54744
66016
47455
94573
8708
55569
47473
3556
40902
37871
36663
83744
88554
24409
68270
9716
51565
24402
15683
18208
82863
84514
11458
96201
46452
72712
36279
8655
48824
41972
44383
82181
77732
21524
43023
69346
39448
75394
15638
11005
93509
82529
70199
31668
33637
23746
15235
14375
43065
4066
73895
50516
35946
37940
36493
97258
75845
70652
39537
9779
94879
99252
61283
29839
59977
3767
3028
83107
72078
12384
34182
37827
71252
18069
69811
70990
37537
23738
57204
90801
65752
27942
47940
2035
58430
82171
59
97357
64562
26493
48808
78409
50602
38142
63057
51466
10108
97530
61930
36613
69380
30849
33049
90795
99311
8493
93852
95473
50900
4960
6438
61828
19521
86887
69932
89473
63132
15920
51775
10445
44910
33969
80328
99085
90146
73387
93074
82314
7648
70056
5790
87042
97340
38221
88807
52498
34743
87222
43784
46839
48000
74536
77466
37219
73389
72488
37582
19079
91444
65256
32614
99008
43362
40558
11796
93368
51286
36990
52563
47603
63870
40766
90661
62426
86925
56067
21456
12129
7342
57298
1799
62286
29579
42885
29398
72079
40839
8387
98647
84269
89391
55326
8707
10796
94711
96546
78470
81478
45004
15553
1815
8077
9630
92812
80033
31136
27832
64092
67459
22011
8993
19185
58455
69856
38481
73268
18600
94086
12248
4592
9574
30691
65302
48701
29035
39280
9076
59726
75653
76808
50406
91211
64822
66403
55376
49230
1953
84827
75864
17681
84382
87544
8229
23362
70705
43359
19812
9328
92570
79263
10530
45438
20016
95942
90273
26111
19134
50828
78447
14555
94656
76070
81965
36734
24839
51980
5071
87241
11497
31918
10218
87702
56951
51471
45823
96941
28493
64960
98911
61311
87841
79337
56437
15805
51463
2056
50854
74046
24006
38849
54794
75243
16738
93679
56127
20332
15270
3676
47096
88731
76700
64204
11683
67378
93176
5981
92914
75034
13757
43517
60725
4267
1418
27153
52942
67374
43376
14624
41678
19903
17145
62782
16815
1748
75923
35612
97008
78834
24360
37586
26296
20038
92813
76451
78671
31953
10539
99240
57238
88115
53939
35876
97695
5912
54774
57535
88373
80929
37030
85722
60712
84734
89643
28733
51827
14887
83083
44239
83122
90778
70143
32868
74093
54952
73069
47756
5313
39073
56166
27585
24367
13026
32531
60211
51783
94994
59401
56402
15088
24292
2245
11888
85118
87086
70723
52394
49346
2118
78814
38778
46371
22236
30220
53893
96986
22456
31859
60076
35734
83761
61148
28977
31381
98972
71613
90390
43371
42490
82467
84348
36458
53986
7477
28300
89814
96474
24680
33932
42151
60028
36022
55994
21799
3560
51075
32622
76793
51802
61491
85473
34494
84874
18088
3824
86860
94349
6012
17910
77841
59117
34583
77354
83987
83669
84389
65887
56420
19273
83268
69463
59573
46619
10301
79779
52332
35861
12910
47952
84452
65367
88672
31475
9152
16397
72086
68144
43353
15683
66494
67239
42616
61191
50652
44064
56992
23839
3779
79398
91543
95508
41451
89318
82394
74395
52258
12449
70571
93035
39127
27037
53792
98833
46435
4746
12086
25386
91025
61275
60480
60879
87816
7899
20368
89638
41543
70596
26406
86404
35040
77861
91408
12887
20487
87174
28197
222
22060
51982
11289
27247
28157
40990
45573
71185
40908
93441
43159
52790
59553
30695
87840
13804
31194
94341
56272
94391
22714
77259
71337
28982
47402
52751
47244
94230
96666
99950
60715
7039
64145
16090
22556
91677
94875
64763
93824
455
64222
56289
79195
37497
97343
58788
30561
14251
62880
89659
26713
162
30300
62353
83819
14345
33284
82809
85598
82333
81268
41509
2302
83968
21782
30931
48325
70162
4826
352
42807
21594
16498
77372
65604
17400
67350
72845
16845
38893
26340
17384
51971
4510
52334
97892
90929
79697
86428
32083
3550
66752
44528
39346
60903
30130
36765
95092
62540
46033
8646
67038
94334
37081
63843
87611
82100
70450
92452
5307
77248
48208
2135
53686
28039
90036
25927
41335
49621
55798
81572
7942
90538
13116
87298
25876
90969
98191
9642
68965
13337
65792
9415
31099
81073
90181
43546
84794
8112
39725
59810
43676
87041
12732
75973
49713
11202
73268
64699
56185
92277
51315
3052
96781
34664
79037
55254
37144
35183
79707
37310
97056
52300
50457
71132
69922
10107
91705
74672
84126
38156
12236
75221
63772
60257
45363
58243
63553
84399
14172
24818
45255
56834
38880
21629
90994
68484
20827
45854
32902
74504
99304
60166
58085
28096
79905
68652
14087
7897
69153
27406
12889
1763
12513
97975
53998
93671
71658
7453
99390
96419
64190
92944
6973
51389
9601
68672
26122
14730
25478
95630
33289
63344
76442
54729
29787
84859
40018
53453
56552
11803
69380
58274
16512
4903
96132
97568
54121
63287
58142
1307
85783
30125
38184
98125
5118
97037
9368
59325
99809
27880
67284
14901
8908
22936
68802
39636
43273
90813
240
1733
40012
38679
80692
73171
45288
59319
25389
80212
42417
7397
34202
58991
92494
55126
51687
7047
83981
64432
41121
85709
40135
55840
95005
48998
89872
50836
70329
96321
76958
5605
60830
25120
20441
87942
63775
78768
55026
82844
37030
99947
4440
85518
45616
19722
36711
59248
47502
52904
63021
97038
31033
9264
95983
26339
37167
3286
61639
73167
27642
88599
35955
61602
84677
8338
34534
75065
50181
26429
20479
13228
95363
16486
5913
45757
71305
61439
54788
96686
19553
61858
28242
34050
32778
62220
90610
3890
28833
78647
53862
20287
88139
94474
41034
33955
79781
12635
69849
35028
50762
18584
11534
40667
64068
58029
61014
71126
57628
96638
96767
33829
56043
88445
90094
71600
41319
17836
69956
75429
99636
28877
93186
14201
80865
14891
31009
25893
33084
27080
54238
2891
77023
38874
67479
11509
82944
31391
61183
66003
35259
45454
65153
26509
12104
83687
97686
96896
75948
42726
78468
64647
57416
98383
26962
88173
27823
95022
26040
30238
69214
31894
43832
97803
34340
85824
15271
15039
31707
22271
43562
50579
95945
65954
12319
79573
61781
74693
58533
9122
79744
71731
93654
36913
85179
77100
78803
38284
60814
98884
84487
30174
44688
50921
45134
5273
24823
70634
93646
66533
75986
54841
72924
22353
22878
87504
6168
27915
49212
86049
72612
67735
47576
38115
94216
75161
54994
64926
56570
1327
63966
89133
91334
22612
46841
78181
92980
50607
94074
57307
86460
27649
9151
14914
86138
79635
97042
74756
55162
61875
65767
5840
77789
87915
63206
13278
71089
30832
5853
63422
87096
18054
9230
55488
13156
62507
25362
35770
86463
23209
43114
70934
81861
33084
22293
31711
13573
59785
6951
49273
50560
58798
79175
12100
91740
4619
47434
86599
44758
78437
60649
77172
73116
57942
42476
76026
63893
72127
84893
9877
96837
63588
40326
47225
68007
95540
24596
66331
57903
96371
73991
77485
87377
81384
68403
28769
81669
9031
56864
86550
37145
33017
50851
85480
13720
51258
94061
23641
18855
25215
52008
93715
99312
88766
556
71189
22011
62970
3456
44036
2774
84329
12010
37576
95368
16974
69983
73409
53243
54983
27225
49870
80213
6064
59632
77661
41863
68095
18894
74058
7102
61330
56652
18223
65613
77745
33104
37812
88135
77206
13990
4771
49460
64129
200
50418
77689
76183
28485
49854
15232
97928
52340
35149
30970
43800
31401
18458
76856
92832
3828
75276
34952
24598
89867
79064
33451
73576
13391
46868
63962
49803
21930
86410
14342
99085
17492
38379
88620
13719
95140
4262
62020
42377
3302
93010
13764
36500
21272
28354
30354
33816
47775
1790
87204
56167
53982
94942
52403
40748
86269
39721
35444
42422
51612
83938
54466
16509
9994
54667
55344
60792
95738
61653
44379
75145
96431
36311
3293
84893
48882
23809
51738
93216
31751
63879
94878
29708
44037
83854
72603
54313
78579
42814
45579
42453
3178
79577
82667
38573
62317
97294
27803
51961
84909
79010
41323
69866
96712
23820
74697
91999
38459
31732
73756
58013
96131
61643
7799
1899
49490
13662
69325
10361
86132
4977
43647
85205
75035
77190
49779
77184
175
98690
84574
31583
56138
81980
2803
11927
86336
4154
24228
73775
32107
80768
29370
74718
26190
7755
85612
88027
64438
25147
22253
21935
40133
37184
91307
42360
90348
69410
13387
41226
90738
83841
36821
8739
437
91740
58178
27003
67032
65126
57257
70551
6106
22720
81250
85254
19676
91655
71935
35239
87897
56650
77412
62296
77575
4089
90672
29947
68282
28285
33716
37804
73972
3978
24922
46548
44543
64466
23691
77261
8158
33320
66622
6926
43391
43058
28603
61013
45314
85730
89110
11812
45427
20971
76042
18750
9047
38239
87700
98118
41903
41768
31981
92453
87635
45739
13126
53929
66866
16632
37999
26204
19482
60761
45488
79981
31351
52747
36097
9383
999
43526
60391
31777
95811
19886
47495
40759
31517
69195
93912
35158
20955
52067
88609
39872
77952
90588
42136
80975
73733
72343
50534
42653
5302
41661
56282
74987
53115
88339
93612
32843
43216
35632
27078
32600
10380
49668
25691
37827
62615
14055
67343
12935
52315
65211
76703
99460
44356
11272
2191
94590
43106
92009
27434
73645
96207
21403
86325
73420
50463
32843
63161
49488
48168
25033
70006
95717
88111
24849
94735
48673
31605
97036
11769
48588
18018
32912
92458
20797
57221
36119
37192
74734
59750
60305
88137
9949
69378
59020
65745
21632
70167
27893
74586
70716
13809
69558
88530
78398
89433
82981
94509
7109
21513
88904
76599
18156
21634
76368
8202
22599
38415
82975
61919
61899
42889
76238
43855
43588
54024
69518
2616
67187
62207
26899
21285
99125
66951
95879
27969
14116
49121
4092
19865
39097
34032
6373
63510
10670
68419
2249
99958
26908
6452
26228
68841
73540
70537
65932
14005
87903
27020
25164
63911
99686
61477
1281
579
9103
14141
30803
93804
48967
48094
32883
33549
10491
14915
92212
40607
70214
65554
88616
23399
10129
35261
99550
36773
78933
64884
82538
12197
38363
18810
57819
60463
69843
27625
36026
89385
98545
87159
23876
29855
87700
28412
10480
50188
99159
16225
29535
45773
52111
54839
71248
68743
19513
41847
16188
27014
21935
19588
16772
26727
36422
50111
61492
48342
29657
92717
17240
99184
98991
94467
47140
81388
16816
92260
43829
36242
11212
82988
58751
77554
44589
21009
70613
82802
51594
6579
84001
92440
83481
30953
97394
54078
9269
18995
4280
88635
76124
76675
11147
4486
68983
16419
59614
96861
46933
7913
37834
75152
97394
81749
48139
66243
2544
61396
64710
79157
24640
12954
41213
17233
63104
38573
59738
81940
10354
42566
90168
54811
89892
1975
61047
3159
13336
92883
92570
50228
17684
76332
8998
88804
59510
80113
14173
89699
55281
42279
57769
18236
79529
4266
97407
24536
84242
85562
30107
54930
96948
56054
6325
38777
89860
95065
58036
37377
82973
1512
7667
90541
70423
14230
20636
92277
65128
75753
8387
39031
19960
84930
69731
6711
97837
15780
21908
27329
2921
21700
60957
90345
75417
76026
21495
36826
50706
31565
75197
55191
64793
67891
9261
20268
42309
29612
80740
64015
14881
86824
7266
56052
59505
56461
44166
11697
84437
95096
71882
72985
71244
57851
34664
94043
84401
78697
39932
8573
75457
94401
88901
78796
10997
94732
58831
72855
75404
74146
54131
15650
67835
18273
74854
2955
69052
3444
97797
57516
73129
15469
6017
55824
78796
74953
37905
98184
84173
90864
31810
56067
88881
77674
35661
72502
44963
9021
11768
88036
3948
7986
46759
28362
85122
74753
86589
83381
42052
93840
59310
1668
65684
95020
87355
55265
39286
27189
81175
79809
28356
21012
94775
67582
63975
66434
50361
86925
12949
78814
97480
62969
63582
18286
81968
35520
50040
20889
57621
22136
92479
64051
71754
27129
81614
1379
65167
30028
89517
39900
13168
82176
4264
46179
35232
87989
55578
57016
67897
31649
74377
76449
17656
93125
29483
70667
1996
72766
45785
40997
88275
29354
15453
19439
39356
24713
19161
68565
53916
99960
40080
11974
72549
29059
35992
44797
28768
25364
97782
50332
72694
43760
84800
14393
84096
71232
49155
88951
69647
34965
18026
38102
25938
27011
58203
4679
12748
36472
50517
50267
62054
76120
98648
13647
24861
73971
26950
53052
96693
23508
94741
67139
12315
10411
47600
24950
56521
57633
54730
28774
24327
12495
12182
80807
92164
9528
68059
66118
47604
44786
24349
85443
131
9012
89357
56198
88722
37885
21877
1361
15420
77166
18181
24643
44825
19234
34845
41660
9106
13596
49596
9074
46856
8026
18116
89238
73270
12128
48391
14222
28759
6602
22666
57463
45100
59218
82863
82078
8941
83109
45780
75574
78044
69120
6572
18558
1120
61642
8901
78265
39912
20143
90555
29487
54162
60464
68696
2375
48608
94366
72877
43998
32668
77510
71689
64991
2109
57223
74931
40444
11634
36781
81803
62611
87770
49175
63677
20612
16293
28509
6546
31606
87187
47552
59628
88400
87466
47203
12183
22482
88177
15571
42845
89106
72325
66802
29739
25096
8980
93949
76384
78971
71540
76605
28709
9480
70046
98997
62777
27642
17294
94485
62174
69045
62075
23595
74518
76578
64726
94209
27058
43993
44424
25208
49161
56084
33173
34477
36326
64961
2002
50859
32521
93089
30349
99684
80141
89608
78316
89653
43750
98151
31040
43180
37761
85775
80398
43932
32535
52193
10323
15602
31902
47714
49924
33953
29381
20491
24285
81680
59239
77826
46079
73826
89433
95919
16198
39972
4044
65082
6492
18674
40735
59111
76593
66053
44093
3069
72914
71988
80827
68363
19830
37566
43090
9136
9901
72613
15360
85804
52970
18762
7496
32765
44687
38002
299
42102
10638
35126
18331
32565
28153
99542
65390
4680
41645
45848
32758
10933
21650
47261
69310
98553
85859
22533
7074
7480
49359
48749
72278
83463
58993
89345
95858
99705
72690
36852
92914
25149
95224
10058
20739
50575
99439
35795
13106
52754
82949
79681
6746
6562
4287
29483
94567
5136
26949
47584
93117
55774
9596
88346
40691
20682
19605
70055
27777
63057
87517
99367
99457
12580
5913
32941
58131
50552
76753
17719
33173
15863
67808
43112
82821
26143
75311
9815
43911
41136
9499
63230
13932
75494
29209
9229
21445
4014
74017
8435
47569
76621
77881
14120
34643
97287
28759
57147
17675
27314
51066
68070
95904
32882
74998
70293
11773
33874
98969
18682
76151
74964
79704
73656
45637
14232
25621
97715
87587
42691
78010
94527
96103
41140
33122
21543
33801
97573
52228
72025
98272
50993
80293
85735
89946
58448
52496
67551
30002
48596
47629
33098
26576
51975
98293
19592
84340
7317
39487
67012
24401
82980
46137
76342
92993
47603
88344
42639
83038
42986
72747
60480
88198
45264
5552
65221
64022
55073
28660
85604
92265
6574
8734
54768
75614
77243
87828
42319
66678
30938
55800
93713
17161
68891
31483
91061
21833
55699
46127
49095
46104
385
97963
16692
47968
61839
23174
89170
63123
4971
11401
47919
70832
94482
71366
35882
54326
19918
59754
41395
12028
6150
90582
59217
83858
42953
50413
55686
8150
69179
52003
75619
91391
95934
10131
65681
13872
74651
11483
21415
76187
7902
14356
92768
52019
51118
52426
9584
58751
45909
31789
64970
4095
55202
84746
33998
20086
76946
7332
96035
44016
12490
76322
73227
34119
26833
61617
38253
5116
47292
56078
56547
46816
33212
32028
43201
98415
25079
65623
19887
17024
78042
24531
35780
59939
87103
95160
29849
56529
3342
95221
76034
33583
33204
39569
99412
42071
21555
9879
88213
82076
98295
77996
98859
96653
86913
70179
12537
36064
90432
92344
70601
88766
32139
49333
724
19241
13798
13567
18014
5726
34699
60614
82937
18644
28426
86685
65197
21240
51677
2901
72461
77773
13983
69503
12847
86981
89188
12190
21670
73950
99168
79248
50427
41284
25340
58456
55504
89412
48357
60107
50586
69557
15070
62453
35207
84514
22874
76675
39737
83039
98749
3806
64071
49491
54636
39053
82308
99920
85290
28107
9125
13149
94715
45475
87847
17252
16541
81289
23181
16541
29521
64344
1681
50756
62742
5489
76604
72315
18715
14676
42078
11139
20950
83044
43577
87740
73162
38491
67602
74311
85469
8220
97010
77392
40243
39500
14580
99150
98076
53704
29258
75742
83541
61638
82332
31553
65550
54033
72246
20081
63248
19495
43602
70553
92536
3338
85631
57533
66862
49932
56900
14134
93302
17532
27468
29125
41598
98251
47563
32502
82676
70165
50975
3752
37435
28804
17141
90055
28027
95216
45525
22261
31755
59932
7763
25528
82607
53192
90713
78979
42578
69564
79995
65265
62029
11017
67081
85824
45250
31946
72563
82235
33549
27009
19599
3158
63716
53747
47223
35280
77352
167
21662
83027
6991
10550
47343
4559
18024
82098
5631
20765
54631
95193
76179
48839
23281
79900
23841
82998
6737
34451
28471
81108
35037
16751
27897
15041
351
37713
77795
39121
14982
77356
42110
81521
56482
41873
5301
23696
24216
51941
53433
77170
39730
84519
24655
76016
88070
30587
36567
63990
99672
55755
118
20340
41616
57348
32754
29786
16688
87542
24640
13607
91084
59292
80965
10800
39928
42102
8184
73890
63631
50223
89502
63988
23540
71236
34196
46324
47426
98421
32294
2483
54322
48202
20260
29670
13453
6023
37020
91926
48346
16199
71995
62366
27848
21569
11499
20098
11788
7166
42499
13353
19955
5130
63476
2385
29238
15050
4283
61159
74262
89401
42622
1162
30685
90535
20563
34091
94905
6138
19250
54322
61858
76531
3116
77479
64229
60595
52629
47744
47102
81947
1078
95465
44279
79840
13360
19971
38587
98490
39662
38662
98056
39741
52003
69289
83917
1477
96322
2488
48002
30941
67995
43629
2083
80822
85085
50386
11583
96716
73519
87883
50539
70594
80006
48371
70712
74728
95234
46336
3632
531
39291
83686
57422
74266
18832
92387
50358
55754
91935
20813
72065
15621
78519
23530
60543
50245
33207
42213
35717
30866
21389
11548
58994
59187
15703
32614
4703
16035
21547
75351
80322
45616
27461
70006
40038
7769
4831
7258
17706
40753
82483
59972
83459
94537
62711
22657
73698
84864
25405
61893
27895
85602
86312
14707
78822
36503
16315
89936
94258
83352
21486
66587
82491
69139
53357
94883
44131
5802
7135
34950
4710
57706
72721
39200
53704
83032
8423
5845
98135
97702
29049
87594
60442
638
25778
63418
66163
30552
38446
59717
98204
34587
73667
28296
9602
57731
98861
64335
89494
49040
56023
26929
67809
19927
61097
26074
41392
31745
44228
36259
81310
32875
25109
45777
76328
45433
7886
59572
64514
76636
88362
85186
48715
84791
59257
95504
95843
96420
60496
29684
49246
36143
60068
20006
31034
47124
42227
60743
18861
5206
58440
87665
13680
20099
7415
544
42016
33061
78752
71368
16212
28058
48979
20213
88717
54960
72605
79538
5340
35499
38553
45219
87710
26396
60266
13535
7310
45251
47462
9990
36841
5442
43294
31320
9754
85662
57191
12847
5591
28383
22153
11568
38217
63947
36539
23653
55210
44781
87150
74554
3714
60370
28442
52015
95671
41973
48765
19928
93174
30375
54337
57825
17705
89454
97290
11833
66580
88950
99488
41390
49095
37384
49935
8919
45729
70591
39098
11175
34571
14777
10885
95929
59148
45928
5575
92665
79352
86018
71722
73122
1530
60236
35566
52222
36931
80374
70810
46036
56428
9221
8892
33869
38552
52153
59537
59422
54135
31244
76104
5474
67667
18254
50333
25828
56534
46615
56298
29676
90404
86530
24170
32760
8253
14338
94369
33394
20543
40733
80455
74259
44049
14625
21666
20310
86104
55342
64872
69703
30683
26083
74574
54613
7856
1352
21936
46765
88676
98991
81258
90879
89929
58790
18007
16083
43028
16359
78000
61126
44033
25475
79751
53051
75188
965
72775
83731
71979
39056
99448
82212
82881
50570
47712
5469
11701
45820
87162
29572
28510
91935
90914
62970
65167
22444
68200
43806
89790
40684
12720
26047
96197
18378
63674
68184
95495
20148
33034
17082
13261
21700
58334
11924
36874
94909
22319
36881
86806
63298
97219
69030
51976
32675
65752
21386
48731
39309
9513
31604
65690
66716
93692
81632
22284
82198
49760
35666
98928
22833
96242
34509
99991
57246
46737
8276
61592
22825
87869
13061
15841
70223
99538
32784
1284
42715
39397
41304
83018
33457
37165
2203
55474
27012
20168
55656
32104
16307
14144
4713
17027
88026
70546
25850
76833
91217
22774
43623
26764
83818
34781
73237
11265
1045
23464
1780
26590
37860
82936
18915
1639
57898
68080
63941
49353
68481
42483
80282
76954
68976
58538
83746
11567
24423
88231
13928
74859
43670
34014
7269
59220
88514
67588
77230
80494
17703
92789
85517
96860
92495
66311
14778
69931
77934
41735
13741
75614
30058
45152
51571
40127
60228
61127
41221
38622
44968
53421
35611
76987
93400
52249
62500
40781
70617
65276
80329
22202
88887
97299
94862
96887
20014
50534
34986
76035
83735
8478
16404
36100
58230
28248
967
43758
89793
76242
46922
80860
40574
68354
96404
1290
6772
59912
3059
53282
82114
70719
30154
96175
3954
40543
55702
97035
20314
80731
12311
42413
31619
28051
89082
60938
14050
56937
39436
30585
15845
24779
71746
41717
89102
5010
54035
13215
94552
61624
81526
56561
58754
88563
34673
75233
91713
78137
89454
30850
42946
39978
16608
31688
94319
32834
64115
82545
84844
30073
17640
67031
55869
88728
221
40749
31656
65707
77785
1224
26785
93114
75549
76295
29774
25425
83451
4026
73121
87193
42437
58745
9099
62852
86743
92625
50515
775
62739
6376
20734
13856
59148
85394
25255
48756
68569
18768
27204
61148
17279
6697
39417
12183
55657
58170
80201
12082
83764
88075
20920
42024
7370
29292
44402
59595
94773
14147
77710
23188
72974
77453
70412
78410
13138
71299
63773
61838
71249
9796
66268
71401
91211
33397
47652
74358
2897
57726
15436
28736
99766
6505
25757
29114
54694
77589
96220
40506
60356
64981
52880
33021
67935
95664
2589
54570
77744
40592
6413
44745
75070
89852
83866
25037
56515
83932
25436
60585
92135
43327
22990
16544
80038
19247
23193
66445
11567
23653
62535
74550
24490
15934
79746
15465
17799
21173
68203
75299
80459
6003
1257
92724
98376
77597
29458
34495
25838
45017
94815
66273
20884
50694
6374
54093
57676
31982
20219
42595
71911
69770
77838
66504
69142
21055
39451
39338
65022
39373
58783
80069
42440
64868
34591
88266
95910
64383
93263
19518
57067
391
37002
14221
27455
46118
81693
76451
2022
99402
75058
96948
10507
91133
81478
32199
97170
87897
94892
72113
12693
84087
80894
2905
17610
28228
86727
43654
45528
21549
75595
15322
35686
21634
61397
47167
1314
46783
68399
96634
35485
50678
53577
60509
75182
65237
10111
81187
40770
60821
87627
5280
82297
3899
95807
59047
79562
59565
38564
75111
89768
70614
1996
16466
27721
40567
75850
12120
46403
43959
22349
76789
45640
510
18894
70817
39759
54675
45026
7349
86742
35716
31510
12837
98259
26046
33581
86889
49774
847
30467
36082
9796
17571
80534
53129
53832
41746
35571
8357
47219
97532
8176
72600
40250
95611
99384
94986
29415
14855
48990
46907
59149
9504
69846
4597
24404
37817
64225
66687
57160
51823
51152
64413
3888
63095
47936
15950
33
24264
13496
11768
43314
14411
89844
80561
86613
77121
84834
5141
60044
27900
30383
47725
42217
24023
81764
64757
91213
29229
58993
72223
89904
93167
25081
34188
99971
31428
89536
29847
64589
98267
99818
78214
62958
72495
96604
587
72997
31337
80806
17564
46793
51182
94295
36873
16223
42199
78907
89479
88524
94645
89999
3243
78222
84307
96127
87672
12815
27013
38861
64100
62814
68498
69384
30189
62839
12259
22515
83751
44150
93229
34385
44195
41244
41260
79061
33327
65034
63552
10007
86372
25642
88288
26970
18420
97420
35605
57839
98865
81331
80675
55461
89967
1141
14131
36955
2923
95687
95747
81917
27641
33286
5247
14538
97527
93851
63995
54700
35692
364
56984
57529
56842
7435
1530
97527
16349
97916
10359
90836
92082
8183
71144
61823
5740
76116
75344
14880
32850
60290
11069
12594
72920
16554
27539
24663
48485
50812
77594
86136
63378
26434
92489
17719
75039
93638
9063
36131
14655
26221
92550
23633
49371
81030
99997
3906
38782
18096
80655
6670
88660
98487
36175
53487
2684
5971
90731
34230
94251
2078
95372
15757
35792
28315
86165
60720
79202
49771
60257
15036
62791
55498
78424
59539
89747
19562
5431
61217
82424
12568
16771
36187
6206
87525
88903
37574
66275
88027
61481
90666
56633
62253
16454
19784
85857
31130
57913
75941
55583
90001
92540
42749
99611
43567
10009
95992
48761
97380
10935
293
89054
60373
50311
94837
84710
51320
47672
3949
98495
3249
57554
7678
61188
31505
18539
69385
10588
86890
38796
95119
34836
71569
77008
97059
38160
69214
87674
84532
29582
41340
80104
75080
47150
46942
91680
224
19742
79146
89202
62825
72995
41371
95178
48370
46294
35093
70821
20483
35917
90539
87382
55248
53085
44478
42328
22595
62724
68253
4514
47640
91664
14854
71984
98631
6012
5878
67579
11187
88343
8663
4785
65817
39690
90462
9666
4545
89072
40342
13891
43888
62788
5912
59802
73104
43143
42483
56955
30032
60347
34181
28666
97479
81242
93608
8633
11265
30353
73426
16281
50645
46614
48877
78063
65653
48540
60330
81156
76531
63579
26206
67956
46400
2148
49808
36025
28352
49235
22782
59509
54248
65614
6950
35839
24987
35991
77157
83948
63093
71966
42943
71178
74916
22199
91235
69491
28986
3750
19899
38990
26717
66567
78704
49267
23839
14470
79736
5120
67030
65239
80456
2637
85121
51613
91684
23583
93916
48523
28614
34405
46063
49561
34499
26966
93823
88721
70693
19520
98203
25131
58468
37693
68663
99581
90155
11196
62039
25581
43143
11801
63563
1024
68270
2718
84154
30872
53690
3766
29042
42756
14256
52852
67739
81879
68336
99737
62028
42872
32557
7274
61534
71759
45887
7006
40665
28316
15965
38227
8266
15786
51515
43164
54465
96102
22300
79110
88000
7513
52449
74959
90778
31506
21854
34340
12894
93349
56411
87215
53841
37274
23975
71221
22598
88277
74594
73665
54566
15201
42223
23981
32431
88078
91845
26936
22319
94603
89150
50036
93942
64433
71681
56787
29078
21554
7536
39803
94010
28137
54263
36156
70852
95035
88854
13471
71861
76596
61465
85053
18383
11454
2644
66791
7743
29656
69817
89734
73377
14808
43036
27046
78633
44091
49692
36809
41315
63348
58483
39564
41037
78829
16408
78233
64866
30911
77414
9307
94899
13473
19932
66720
17398
57402
99051
97474
81838
63969
76515
7508
4414
47782
13954
73797
69530
98501
82996
23510
88109
90733
25430
35763
81052
85285
62807
76616
65093
34007
98644
23553
61286
10480
25971
50349
29767
94585
40701
59620
75220
65474
63501
79414
60117
91469
84111
588
28525
93999
98122
20339
53700
19075
83689
34353
32253
87497
79422
21165
85715
11333
71998
73342
93213
83678
77249
5519
12766
63361
70836
87665
60291
76954
68749
33539
9078
25740
35759
80527
82813
64741
14706
70275
14457
26986
16137
72302
47508
29672
8963
16275
44449
42868
88170
66438
23189
85767
37512
21014
22680
46201
80787
49312
59657
18922
51810
66239
91818
32336
43895
12724
62011
97544
46190
61761
47302
89738
61021
97521
43632
29386
92535
12139
29822
91669
55735
88475
84999
55658
58261
25246
70185
98461
83397
21124
76374
43637
65730
96197
80750
44788
5516
9621
27268
45085
83871
36448
89546
9537
26100
98255
94083
8147
53413
40881
12111
68081
65868
5857
50795
42077
85337
13130
46504
73933
3147
18411
13213
43006
61872
99747
36960
21892
20714
16532
14863
96822
19247
89395
24332
82986
91724
22168
87516
38431
57873
49687
21126
55483
83200
21662
31884
6529
80102
21389
92350
80634
76983
28044
82286
21601
90906
63558
93478
17014
80813
89674
6131
66183
32209
72253
39341
20324
4562
35138
35768
31722
22041
56233
14126
51190
3194
35778
92568
92523
35123
14253
53354
50032
72667
11565
36454
80539
23446
93373
8645
70497
88856
9093
45650
84820
17992
67271
80255
62410
11358
65083
21628
48345
39597
63195
60775
43938
92112
50216
28838
41911
14697
58530
81140
18673
78516
71292
56011
58859
23250
6112
71920
4792
94740
50054
40851
10271
62270
96191
17751
81146
22687
6451
90783
20400
37956
29564
48574
81323
31957
5670
47819
54852
12599
85044
19886
79078
43451
39318
55544
34666
39289
50872
43149
67805
38628
52594
88007
85482
188
7997
81522
24662
38991
55527
68061
1703
59109
48717
80658
960
50420
77595
91386
41821
95364
36827
39973
99544
29101
17276
37425
72278
37602
18243
77313
85646
86023
89043
84965
29883
88543
89660
72654
98257
3871
79020
18928
21723
82263
18323
8212
48119
62247
24338
74605
80341
35486
90355
65231
98517
10828
34851
33693
17824
69473
15702
11743
84410
91900
30112
78408
46370
58050
82475
35188
58543
50880
26147
78185
42283
21275
35725
19233
5116
49409
88236
95699
52279
50179
85076
75629
18816
75813
9278
18468
62487
26850
21286
10591
86260
81153
39801
64533
73185
51278
44566
21931
45062
47156
49490
18248
87502
22128
70517
90881
7906
42481
8024
80572
28779
95267
26816
55416
67046
86490
17568
8987
41850
85879
21461
44896
28512
2998
62404
99158
83395
93538
86262
69106
67746
89097
15322
84986
99170
30093
24732
80865
49305
20942
80716
54670
50196
18433
71846
59138
34662
31650
43437
59482
57529
71428
59940
16443
79510
19403
8224
92341
64898
11451
88687
52364
47117
35815
65883
74818
76365
47603
9251
91536
23357
98319
8258
97551
54806
33310
16643
20437
27226
66852
32570
7513
6643
3315
35311
93430
56420
16797
45830
69995
9917
66438
42275
51841
4127
86056
68120
254
70968
89568
49887
38561
11259
67067
17540
89785
13599
63626
27526
10553
67570
64095
46353
63716
24319
37475
29280
45808
8883
53463
53692
99252
6899
66245
72679
52581
1435
89298
28988
70350
94121
80364
60641
73542
79308
51298
47778
98866
12287
84854
2077
74097
15298
29693
91454
90562
25719
91418
52946
99331
57215
61896
58727
31622
59179
87534
69377
11698
75161
24549
44134
61484
33646
27184
73045
28158
15453
54087
47999
42369
74130
80807
42254
94478
49745
35905
56313
76064
40609
78479
27429
84583
47921
25298
31720
16885
74184
67495
54062
66765
46624
12188
52853
61269
16642
54177
38752
47946
79424
77407
24755
64523
69014
46100
16192
42115
41782
93047
47273
62535
5299
90919
46754
94090
3940
38517
51178
47210
62257
88689
18322
33141
49282
92356
4418
6212
7005
5443
11631
11889
65376
52778
30713
29368
19078
56345
64704
39689
31067
72269
50268
57868
59564
87343
44972
26783
98063
31756
94866
45207
94783
81564
23640
97757
6689
91965
94325
13402
72881
82128
49572
9671
10164
75227
30903
26080
87272
57343
73253
32085
59865
11516
19406
70838
57827
9049
93547
6131
5350
10325
88730
25731
93547
6786
77625
43057
5187
78290
43859
51718
37622
78585
52625
86507
17774
56223
30967
19445
22876
98494
90715
63562
80342
55530
62983
3211
39209
49825
33154
85003
1045
19391
63053
55289
25889
76909
64370
36365
65240
72931
21320
84983
85482
54229
67056
52312
84970
10081
9524
85881
16659
62737
42598
88705
61112
89420
65673
39309
44757
75910
63383
96738
65658
51646
63097
77339
21785
85274
9615
33418
70015
7829
68388
59852
76034
51003
5341
36091
51270
87296
59737
50123
5709
5404
24098
64399
49211
22778
46738
63150
88730
46572
50990
71999
13467
6615
44481
87610
72492
57946
49265
83140
47502
48700
79952
91245
1966
26052
86528
63271
88063
51401
61460
30445
93877
37211
99251
26760
52452
83655
44007
51569
71771
31234
52799
49222
59109
67245
99224
53416
84019
59050
88691
33664
64581
71640
49855
74511
98052
17426
36832
20921
53813
57014
24405
8489
23032
31941
69567
67499
91022
31373
31426
53849
71184
86253
66013
82346
87964
65518
14381
32370
37770
24740
36978
89043
70964
1714
36378
22281
93127
21282
13993
25149
14847
44495
49796
42991
23763
47212
25534
11080
21934
13937
17360
54135
17704
32179
41901
72044
36865
27315
51532
83985
8047
59243
77878
7871
38610
70529
95061
94162
39733
30123
60456
39312
39685
73378
2329
82178
70355
95830
22974
29578
60902
10268
92518
47995
18553
58128
12240
78414
23303
48597
37995
7639
58053
83595
39383
88356
54292
77680
97658
2911
40560
16432
20766
44746
4696
70445
68701
14003
27716
16271
128
97957
63546
8570
62051
93613
71560
66454
13147
23822
24112
71085
16536
80952
10582
88051
72523
86444
98111
26799
36156
3860
95304
36630
20730
97130
36659
76956
99354
22921
8976
93091
23788
54300
36494
7018
99542
10634
52458
45751
36405
70242
30098
81802
75420
12365
75063
58352
4012
27059
82123
1046
24675
42918
94029
19529
86172
84702
47082
95395
46517
71356
34341
72242
12537
62787
74008
3174
14760
33505
50160
94568
58084
63230
84972
72499
79977
89420
45016
46741
58373
86154
41920
64434
79679
5683
53048
29536
29678
27629
52948
65415
13317
18893
2614
3007
96774
3737
20261
672
32477
56405
31631
4744
84407
20380
32632
85742
6860
44895
73695
49403
4171
25881
26366
19573
59375
8698
43792
50774
88495
8393
15193
86383
7107
85104
73101
81630
18800
56080
95074
13077
80719
57874
859
55029
53918
1672
25305
26243
81272
89823
98378
7965
29190
78317
56287
58548
78275
3870
78187
5564
75044
15009
88825
68795
27047
6140
76352
46395
79143
94966
67850
20412
61390
69472
64000
66255
72038
55909
21362
68826
32281
2886
74251
91938
31610
51880
30673
9883
62968
23455
23998
9122
76368
71186
51601
85825
69384
71734
29224
60612
81417
32764
69976
11547
85290
15398
66638
6423
23368
83210
84331
41169
19736
40027
56563
36753
53610
6801
65717
54942
1349
43132
74598
38586
82385
96985
91850
99792
19411
44886
85314
99043
88928
71360
52758
81270
2175
1094
43342
69124
77932
64156
45244
95789
83924
59290
78102
60167
41559
50268
73489
8034
63151
8205
65506
37615
83663
49041
80961
47439
68499
53542
42850
26953
98069
44102
42626
54709
44319
66414
71294
60194
82999
62097
45330
24013
97603
22927
97205
66516
9509
27250
80690
18917
10956
58595
41914
75636
57924
80234
89120
76480
75169
32577
93983
64459
8886
58925
49912
77205
18378
39377
80463
8166
58413
40921
5620
72883
2789
47474
56950
79521
28727
4094
58743
69832
38496
87360
45288
54925
37453
81307
99198
28402
14280
41982
4210
19590
46
57783
12397
57163
72349
67966
47905
9310
65639
21048
49601
49730
83472
64946
66377
50326
12193
55388
58995
65270
84250
80630
96097
58570
41399
63211
43129
93499
14065
9387
51867
14702
41038
98524
61781
26551
2802
29956
30410
59582
30720
93005
57334
63520
70164
39035
81235
54437
95317
54790
50827
42544
21173
31686
46551
99514
58443
11469
81679
94211
43239
43588
32476
76675
70782
83713
62035
5694
57039
50945
81961
44540
52026
67532
6645
82483
91163
92160
87557
94973
90913
16217
43370
57874
11309
3131
29528
52599
557
86953
10357
38336
24588
88589
42196
93270
43849
99770
55667
79753
77039
96208
51650
4106
46796
57918
98738
41251
80009
19978
60486
21931
24991
95790
28135
63396
1685
20367
39118
38034
83781
27439
52239
22561
86837
89397
57267
48004
16307
76640
77294
48873
76132
13437
13686
10347
66099
99968
79292
94294
53752
62083
91247
91374
97457
98135
80689
20667
84515
78554
18633
17980
75852
91631
21708
40881
1109
9136
96074
27400
73712
31659
37380
50520
83077
19421
63211
43935
91403
98786
70641
34865
35428
87220
32867
40941
56786
35102
84960
21106
9965
7671
47815
59935
32452
3645
654
56869
63951
28389
84760
32111
51064
60971
20488
97525
50408
79721
8804
5036
89815
51787
79644
5297
15207
54119
79537
25269
74215
6866
64057
2819
40208
13602
84109
70584
91155
46355
98977
11989
99593
34270
64636
32308
479
86457
18539
31414
96839
27700
90476
601
14856
50051
12170
35390
65272
1153
34229
79787
33987
88080
75917
38098
47964
42262
95714
95326
95324
24199
7142
15789
19702
51945
30476
31575
69317
1994
92478
50619
97608
45774
43577
44039
72573
56772
93412
89439
11871
91231
15284
88751
53139
70025
82763
89900
94378
2429
25839
67193
27401
23716
80862
69351
26540
32517
7104
5716
6273
13710
75138
23499
36923
52601
26559
8322
13139
38182
8975
92239
8685
18483
85644
2084
62489
31115
20692
96231
76154
17075
92430
2632
57732
94415
37555
70518
23622
57435
2
22120
68583
24377
58336
95544
84651
89101
21129
25010
95135
27056
88674
38232
20974
61631
52464
91955
97191
48362
50352
9575
89859
22427
10275
85650
32779
47613
48257
24718
73369
84631
98200
16862
99577
9271
15667
77444
55199
82260
58785
82928
11980
72478
76395
6410
34536
5780
61120
57756
81106
51061
32045
47517
74496
91844
58766
34803
54547
79819
10744
72524
48766
26022
46808
36346
49415
53019
75357
6659
88493
51381
45999
68109
20882
39949
39320
41057
65406
28256
13482
87245
98504
20627
62746
65398
61637
26628
41676
72639
96708
30143
83217
80091
51338
79292
7711
73955
76749
93949
14371
74491
42350
42803
57497
85373
99556
13621
19410
48693
24375
55250
54908
26467
22333
99007
75960
24477
35199
41747
6409
61621
20546
32911
54893
22625
88470
57666
63761
73460
7744
77637
791
11813
31034
92800
64087
82050
58996
23722
6662
28796
22138
14974
11960
66936
32261
56678
20793
86668
98530
77581
79196
66752
8902
99489
62463
61751
39923
19730
53087
32163
18477
57387
19281
28423
10
98925
32012
22518
41900
47631
92263
4441
90693
10705
20696
26766
80599
67528
15719
85638
62905
3659
41807
63039
41689
73630
93116
84869
77698
20534
50195
10789
35509
50937
7697
32514
4228
9276
41921
84201
28868
91748
8260
66695
59047
12076
76524
439
56479
69868
80471
72229
7622
10516
39745
41658
9393
25754
69681
86842
39624
62065
25646
43939
2617
30922
38249
21412
24946
976
90666
87077
95421
5125
9071
49650
882
28413
68702
3228
59321
84848
49269
17247
7949
87598
19923
95289
75820
942
6048
67241
24223
46387
49470
93063
63385
57117
24469
62281
54656
12314
98562
60446
94041
89327
94065
33943
81054
62818
98108
58473
84487
21430
93249
43659
70133
93862
99247
73393
75450
83978
23136
91970
82751
82486
58919
26696
32595
24304
60749
66269
37405
90289
49438
32671
13905
34504
71933
42443
36327
53367
17311
74649
8603
8856
25014
82093
35201
23339
73865
19418
61522
97339
10514
9518
20954
19294
15459
94508
56885
76378
99826
56601
89090
80351
50920
27405
60789
24619
48816
28701
69241
47615
32406
542
29389
17885
83287
52596
61442
20803
93860
83741
30124
89351
3794
81807
52792
24951
4618
18455
4586
29527
5876
89103
63384
32295
62212
89447
74774
57606
26531
79483
12476
11172
76815
61850
84576
44610
31600
88483
6930
38390
89442
51726
56675
19005
90324
36030
27626
83434
55488
64739
92488
72389
2940
58184
44543
52157
67479
92581
91847
20327
64449
3147
21473
24186
97958
76634
39283
46912
85795
5467
70415
60190
23306
31268
98017
40187
14408
17298
9718
98098
83004
89424
30228
45025
7805
40536
13579
64491
33208
21761
1040
54688
94663
91010
46118
31896
95206
28026
36371
5817
77758
38474
82821
29735
98497
25619
7415
68527
18331
76720
86524
3431
76050
11543
18110
2834
76358
69620
12217
99092
38583
4534
64406
19182
49272
71253
30596
66319
99536
4313
32415
19646
48672
23375
59493
21566
78587
47010
19752
82491
83349
49869
21655
95454
66592
32969
43596
75234
35291
56120
47135
27736
82101
19784
55266
24086
20694
72493
77097
7678
20193
37205
7267
5409
5713
65113
31416
41383
81477
90367
86448
21336
3131
85351
80229
51051
44416
52556
52932
32881
96148
63622
14929
90484
99203
64639
8247
35871
17444
59591
75151
62079
75182
22444
88796
70622
39118
93399
41882
19388
17331
95443
83507
77063
30086
45235
44964
36756
71933
20231
47388
55744
9407
52503
85694
39394
92614
50862
45429
54096
86421
23439
44604
46867
56523
71572
90835
45232
73764
65774
92
2411
40509
14691
54801
27442
66177
15590
91212
3229
42423
14978
77194
92043
55211
79512
23818
5969
79037
97800
1053
62417
27511
92029
82949
32328
13863
30338
46800
39322
22640
57554
88097
83234
57221
53173
8517
10050
22741
88486
70738
80942
99690
75884
87065
16538
48622
8904
52912
87804
78820
30891
98064
60167
43771
63881
74832
24696
87886
99861
71372
93812
31041
28465
98931
44387
71657
53252
30224
59909
9556
28968
71941
61547
70035
41446
27705
69890
45423
85945
766
45594
29279
68971
98775
65261
59709
39707
40831
52871
91874
67996
11567
96875
86003
85165
63888
83975
206
57835
25628
28548
83929
42875
58724
4527
51616
67436
58983
36341
74547
8786
50818
46317
75171
87819
35158
3133
57588
58655
19519
40850
32646
21122
43031
86369
59052
2850
86248
19646
13876
13065
62253
36133
51984
33763
91322
78367
6177
44386
30894
30150
4916
2062
67828
48186
51109
59594
87201
45761
66582
94396
1039
95036
67471
82676
24360
90437
35328
96758
71412
7406
2252
79165
75586
28094
24364
77802
16936
51735
90275
78337
95277
36746
36966
85403
923
37264
41270
45340
39641
96017
59356
74283
11341
37299
90619
22799
23391
65093
67401
204
15682
45721
56872
32464
8135
57852
84949
24969
45817
82561
58759
65654
67728
39373
96000
79051
28454
28068
87875
59993
71988
95909
68995
21431
30858
23662
59837
42560
18801
86817
46120
35857
24658
87579
66346
52512
58053
55512
95742
96977
55356
56927
1976
33011
34401
37696
58791
74761
16986
20292
39980
1358
6088
40489
34651
92142
2135
27274
36307
77022
55007
20131
59736
46260
60412
91216
55943
37596
70607
70191
46043
72424
62354
62506
31334
47775
57670
609
78955
15985
20877
85082
21297
94797
25757
83606
72526
95194
20390
56945
83593
30458
32414
7764
25965
48575
72487
34725
12263
44560
46553
84088
16559
75195
5527
22184
70322
26723
49521
91643
8476
39286
64011
18540
76286
37127
91424
41747
52247
12077
9176
21962
4448
79844
70683
77522
24954
31215
10515
67362
28530
2131
98809
39535
51600
82304
2705
11752
12672
89823
33295
9782
64113
92426
72854
10657
94304
19678
45796
302
67981
11897
63530
74867
29856
2276
97789
1266
35157
75691
24675
64803
18106
36943
85276
66540
47376
97894
21339
96727
43962
8971
53281
34351
39326
16614
64764
71990
84585
54006
63966
35990
78300
11444
46156
7063
96966
51980
8392
30373
23179
3044
39902
62628
67494
31323
66150
54147
12965
84414
57158
84951
2498
17265
79651
16480
15423
36486
7109
41825
8197
99543
51806
62959
6083
16839
68651
68864
70362
52442
57497
64069
42155
62388
1187
66621
77975
24354
65041
15439
87639
83046
65928
98644
27970
49898
19392
90120
14060
73019
73903
12235
51525
51350
88253
63902
43258
82863
88559
14404
21844
41952
85889
85197
76370
29828
8147
43274
53089
42289
66247
75942
43288
99533
58460
62118
21877
12392
62305
81023
28536
72630
21468
58963
74775
39916
72706
7428
41747
42142
47728
68429
72911
40696
47840
48600
83421
40885
47661
83543
47365
85587
14088
44365
1753
55949
81248
94063
97790
91702
51260
31402
84370
22138
64532
8226
89226
80146
59721
42227
69262
1410
58883
69280
26411
73218
97503
27150
703
88912
6073
17596
39535
52667
38174
3773
69330
90613
3265
96098
2312
1659
36230
73118
86457
85078
41041
34486
52703
47511
71798
51324
89
95539
57607
55295
47340
51912
66090
41858
92065
24003
56822
60179
12211
56974
19561
76978
85701
31133
57270
65677
45389
64306
86994
92821
18810
13307
55855
73774
72796
30339
11665
46822
18250
28888
14964
51738
28825
50772
94390
77061
95020
95256
1471
40427
76360
62995
96137
22496
12828
81189
760
89640
56997
46421
19986
18482
28986
66765
67619
2956
72367
86302
96357
37850
6889
67373
86110
29905
38477
42878
11993
74577
216
43683
86781
81733
96475
36288
87878
11643
85821
32920
10503
29843
3160
7301
40527
92779
92276
78899
29872
89654
72665
29986
11802
76889
88556
66731
23802
94588
56055
29884
80620
91841
95959
15771
8331
61870
34270
68427
17921
45051
29629
11641
26974
27735
45069
79128
66095
84333
84014
59137
97251
45935
80472
56575
69374
54729
27418
74425
40359
51842
31130
22292
11852
36288
37762
76058
87840
49266
19726
6851
20131
31830
99990
5962
20450
32072
51665
809
42164
62192
69744
27118
52462
3560
82829
49922
39435
71599
17079
62214
43394
83665
68370
42463
26654
45248
69626
69968
86019
91520
69675
18107
63204
25339
54510
59887
36499
27555
5565
48272
42780
13100
19244
41817
17516
90581
26326
14776
84381
43610
24960
84049
76026
12537
86071
68898
74908
99151
75593
2326
10919
34425
64089
70162
88610
71609
67091
49981
60490
3508
42433
73785
8543
68729
52092
99362
31413
47903
74326
33371
28056
17841
57444
77184
68099
899
29887
94979
30641
65521
60993
79136
25554
35995
22366
80166
25844
5063
53748
49023
17446
10952
44314
97809
8788
17065
57390
54295
96770
68593
47180
12800
35407
61576
2396
50380
35530
44008
89069
97254
68782
97474
25833
12630
18242
89457
15454
39860
84267
57881
88690
10299
14651
35309
92720
4397
74419
91661
65660
68824
40344
84281
73970
37768
57170
85311
47210
90709
4741
89596
19862
83171
26877
22817
45323
88907
22887
78511
16858
68381
39531
33181
9113
31368
39706
70369
34105
15166
76589
13362
1436
41068
96311
29443
38792
70125
47254
72319
12265
71618
62113
40702
71277
84369
68818
79825
41307
66614
8400
37445
54162
46967
84395
79201
65145
86258
19729
54687
86906
70792
85094
29680
29649
24199
56433
57748
8859
94038
49461
71138
35813
12482
58585
68645
63494
20768
42595
21592
11562
10189
96675
4943
10144
40109
13316
77542
85096
11825
69317
61067
64206
85010
90769
83654
6771
95004
71022
75430
44733
96371
27403
40469
2531
18886
45025
80594
7008
15629
5918
80991
62105
78266
61290
21633
44398
68198
96512
80366
65700
86166
29266
23597
29878
18251
33748
49617
63513
75093
31762
56711
70650
68537
47073
48330
70508
71708
50063
7620
26726
36629
72026
66116
70357
68892
42368
1151
8517
89062
72215
48239
69070
22271
60287
37819
34040
69271
94150
77919
80403
57175
42504
67697
92826
73339
19291
27110
72640
67257
68322
95056
70314
16146
91205
21734
99161
50992
50977
15424
50758
74063
40041
94077
34061
60126
45638
70637
73903
78926
2457
11722
40462
66289
51793
82208
11000
16868
52587
43752
83120
38288
82569
66200
57747
33850
73549
5525
4267
34359
89436
9794
84406
30225
50227
58436
82288
80810
37655
3392
76114
49360
57847
79482
91731
70604
63858
41770
10041
30217
85058
30608
4925
54634
84120
46247
84573
68509
26601
90171
25674
3890
82442
95442
6694
43846
9405
41095
48311
86647
71392
84789
62767
44780
83516
18589
88350
54292
25335
83137
87255
12477
84795
32679
27379
24146
21054
3843
34944
21262
43479
74196
49758
75485
50645
43549
21673
24856
41033
31955
34894
52774
65740
69211
65635
25952
78248
91215
20543
51091
99455
10477
45994
30302
45948
78382
34253
93779
3056
69260
66972
79221
28950
26303
17921
86892
55372
42229
95136
61293
32410
15760
40231
13048
23757
89918
68029
77504
25534
8406
87589
35325
9142
87034
64670
19967
21266
44962
4544
88286
20491
35985
39528
89112
60735
68004
90181
63702
89896
20559
16317
39221
44970
72917
57568
85442
31297
29717
37578
16356
5147
70628
1441
52001
47202
65084
82801
87999
5520
66629
18441
95507
26202
86345
25506
52930
90943
97850
41280
32457
58684
20773
40276
74622
93495
14425
24116
98563
89649
97294
65363
51989
26377
88197
99767
79528
99305
43525
24327
4381
30371
27303
5831
72415
88494
58482
79618
52121
24563
34113
55489
85073
19095
48203
63662
65001
8060
45460
9353
44423
3795
62892
41518
96016
13981
7118
46107
65197
80252
42836
71715
40060
15370
25043
14615
15450
64061
28115
74294
36410
59351
79632
11051
68254
36786
61468
20285
18429
12300
77304
90023
42887
20096
57187
32490
77018
47830
31457
15597
88697
75203
34280
11268
79092
13546
13259
87549
27334
28569
99853
58650
31669
50663
89189
68529
62792
30873
13041
49433
32364
29389
65439
19038
79654
99309
19201
53354
98423
11124
75178
47255
68269
68182
46440
51264
80575
68431
62162
34212
24616
53728
61698
94316
32072
10651
35007
62968
2361
68285
71972
79801
60925
31334
52300
70071
66100
61046
70270
63998
40307
90314
40241
70823
71928
16403
66252
78761
33645
79106
70873
75241
7546
72357
32175
14375
49670
27747
40343
36338
94215
94629
39435
76293
32994
23374
66119
31824
96180
42572
54392
42067
51990
93768
47836
52077
35274
5328
52058
59831
25081
21185
59885
62374
97676
92933
76337
72413
53471
95599
66636
11172
13359
78013
24477
90839
88006
19518
84465
73707
31455
52189
92834
39276
63774
99423
30434
84805
14685
2477
21799
58815
61029
99684
67270
78973
20793
10371
17843
45634
98716
21939
62491
68654
70583
99895
68657
28360
78319
22371
83709
67287
45129
82695
72389
71124
6639
74388
29759
83693
4981
78124
63072
4474
58861
61480
75600
20410
27888
29415
70194
28611
6080
83818
32778
32105
7484
83365
10168
7297
60284
39242
68212
69574
41192
23727
62577
67080
59037
5749
88202
5581
6380
20281
66497
45745
23176
61
58741
73875
47872
66016
31388
73142
26878
37933
30526
49887
37246
21914
11088
77878
89784
59219
77451
47138
24437
69613
62814
65290
15250
78440
84604
82159
42641
3662
44120
99715
5091
19394
50022
71235
12173
38671
18579
69407
30089
72795
68658
89212
26804
11425
95206
79076
89389
88474
23344
99669
16313
35642
99429
28056
50713
35718
59617
1874
9942
30636
67804
48465
49151
75141
2296
6267
49166
81016
14558
54009
96075
17423
79854
63225
31948
91012
10717
46751
50954
91310
40486
28318
14729
25683
93636
96042
42638
97844
60744
98689
54861
28219
740
40055
29962
76289
79038
10275
24034
61023
89439
8298
19984
92064
41845
35315
20916
62350
24320
64925
29330
99103
24356
26881
82094
31330
93144
60678
47605
36638
91171
17998
39516
43149
69307
84414
10648
6306
19396
22532
9901
93761
87284
86577
40831
9381
10866
68288
32206
15316
77209
45000
39645
36194
71013
65458
29767
58870
19455
77813
98579
91493
89212
25998
94851
26208
67327
15708
41217
37581
80595
11645
88166
94888
36304
6364
7933
41698
97306
47265
42091
47707
95330
99899
53224
28051
35286
92548
68837
49016
91728
90247
47816
91519
3740
37259
33326
97520
89420
72692
29749
16716
16826
84981
84044
83567
30407
80510
29453
41556
27631
15727
43134
25352
6855
4906
50243
67006
99118
83167
81164
85613
24953
96629
69042
75676
44548
87674
72509
56027
73768
35884
67388
56621
48672
49227
43366
56716
9360
24883
73408
59105
36905
81987
36583
47866
74343
26087
80630
31953
16817
24464
93683
64399
2701
92013
6489
40236
31831
7473
39146
64059
90225
66650
14080
9421
45165
53320
69701
48648
9441
16641
74346
20842
59393
32132
47895
71073
38680
61171
10553
43638
26146
74506
91374
82555
63443
15460
90068
25214
50097
41012
650
9881
44815
82726
59053
42472
13667
70550
19268
65386
29063
27523
94741
37623
40567
91317
30167
32927
84056
18888
97522
997
15271
42744
13745
88732
30459
85425
53740
33124
13507
6986
78607
97005
54935
23081
62444
41823
32207
73671
25927
64020
55166
18561
48441
8772
42098
18615
13227
62348
34204
32511
33260
78040
38554
6690
8186
24647
38880
14046
60801
28957
8959
40907
71249
59659
63612
6090
90535
48528
75055
15703
27549
97802
84900
39533
36553
86085
34685
78119
91371
81343
40839
94373
30148
71077
73422
25512
67109
33048
44244
14923
78815
13524
53821
49090
10887
8194
54082
80760
54708
90773
81574
29159
95228
57092
14292
52801
55368
12124
834
82548
91612
98672
31471
4045
7102
29085
9982
19864
21617
39114
27734
9943
60805
96022
89211
41575
99347
60922
87101
64023
38539
46687
85267
64524
10283
69236
97315
60667
86464
96154
37117
14839
8273
45157
45272
90099
73533
27699
82137
10898
59988
71045
42777
33873
10286
96447
23752
79303
62664
90402
82461
68634
98875
42383
9029
98344
66870
17691
61395
72775
28385
45382
35177
11351
84871
23062
66373
23432
20141
41817
30011
49280
90120
80988
31489
98398
60040
78902
43014
84018
62944
65035
53978
38703
25041
81292
68439
12083
72927
1852
24547
59035
75977
31312
24950
74868
72046
4300
13635
41862
11523
42151
66928
42466
9649
3131
11275
6741
43011
84750
51824
27746
74515
75427
12103
15291
58887
70069
23060
23290
58197
12329
55640
46408
32523
22357
94206
99145
63771
71187
14698
26785
41046
20868
32162
43771
17531
55876
24051
19559
91791
98155
73313
27320
36372
81345
41096
37873
74991
93111
94060
4298
83852
6361
61771
87162
82865
34771
1294
10019
11311
81368
9771
20195
79156
74792
24760
70955
37673
77240
74856
90981
50659
51922
55781
54861
34950
51617
75044
98349
2997
69920
61270
49340
20513
25126
10863
5255
51874
75947
61507
38962
83359
59217
87131
97460
11952
45088
2113
45347
36707
26945
63516
67151
87812
73345
39848
77426
48421
2741
34639
27366
40517
48001
57931
15928
42736
91431
77754
33354
58734
27844
45973
41785
9640
71260
17792
9959
27992
69353
75536
31894
71054
13672
92099
56167
62915
3523
1850
4051
61571
3385
44356
51900
27375
1908
80925
97928
88867
10540
62787
39264
93533
84430
41077
54491
63602
91268
3674
85477
543
50427
19918
16541
92288
88103
43322
13217
83094
55944
29169
16442
26151
93796
96472
89700
87590
98439
18775
99715
42985
51833
83857
23008
37018
18371
49181
85373
47832
19614
31173
28448
39474
20670
37993
349
79994
99472
52178
12548
16700
33236
94607
6599
26776
64491
948
95337
47868
52824
37901
56919
2890
39205
30472
8946
4482
26260
17360
98162
60028
64132
31878
24948
703
89183
80672
9061
57412
21378
76665
76493
18539
10876
84622
15909
85908
58680
70641
43877
83741
77204
23259
31470
58331
78380
69344
71953
43880
58544
12033
62363
92858
4161
34377
81050
80182
42962
89205
2346
37335
53823
66176
30207
4518
1425
90276
85327
80548
587
73581
97075
44754
7545
93663
59076
48008
58912
24474
52268
62837
43311
398
69343
12549
29328
19397
79896
65268
57901
79933
42840
6482
48955
11370
79685
35265
46253
57130
82881
47655
37258
36729
79704
17803
55458
35866
19049
33244
92187
95468
53211
85397
40685
30514
26785
59647
19767
11351
30699
2950
59063
39346
78887
99356
95512
46508
11672
93466
86014
98770
67700
10976
18728
55451
91314
37445
63157
49557
61991
54722
91763
20318
73017
87837
32777
41324
66625
9590
95374
47430
29997
95458
88549
12829
97743
32384
62475
75536
89470
75116
25185
88231
26787
46413
45182
60255
14887
30383
868
79941
42881
71901
503
85437
98727
43477
14770
66745
19089
85788
72323
40001
33110
46940
38283
28961
86010
54560
15707
35763
40493
59765
45122
1363
82171
13655
87728
24477
55328
32970
64332
54369
46076
20990
83639
25216
4465
69523
83312
96519
61058
71202
68041
53897
82722
85002
81935
76536
64804
61458
18593
20717
83253
87187
59478
64113
58085
49617
89109
69280
96304
65869
67985
37930
16885
43568
11648
85320
16065
14301
99234
29505
20666
41775
49537
37822
86347
35692
25457
29977
65330
4837
44758
15568
58174
80828
25301
70455
49335
95904
60634
41814
23777
97733
47420
94320
46478
48696
91804
4888
75464
11074
9624
44125
25841
35623
70959
32234
86477
80758
19976
65793
86926
37547
30891
85640
14462
24911
26230
11877
78577
25991
52321
3568
26341
91237
59121
11995
99192
78650
15491
36712
41119
74064
56583
77806
56226
10885
96581
25545
98030
59748
47829
88608
65752
94205
57572
25992
24720
41030
28020
86991
15963
95054
89737
84472
36878
65095
95512
54648
10906
36859
44651
99270
23299
91849
97734
93418
98977
9527
9740
54210
68559
16562
18233
17035
51786
71733
15415
97954
32565
18599
13004
54093
85511
36569
10711
42767
6459
89046
39074
20598
18105
2304
81036
88533
51669
34564
61335
11853
25651
95980
66313
72818
50046
37906
89803
82985
66521
48337
90847
65236
78948
41368
34269
10871
96626
52624
14952
61152
70356
94484
3305
98175
5785
14533
71179
92245
9052
33383
82546
36630
63705
59642
71583
80221
87942
28902
1685
68484
69378
59971
73256
16924
93914
19053
45363
14771
74443
86174
48339
86921
11301
39732
81888
40395
76633
94737
9561
3093
15176
87285
63921
74668
33021
67366
91348
63148
77390
37806
6261
34954
85299
91354
23058
71916
8482
17271
8011
1278
21478
60164
96166
78192
69113
61443
88531
4866
29767
27220
95797
57183
69645
330
88815
18023
67039
27380
77012
15217
23139
31021
8817
99266
30151
62731
17001
67446
75636
72287
26760
90902
23487
3168
70515
50429
43458
59812
62985
32527
44963
59557
35035
97203
88747
93967
55807
92488
91530
12049
89760
28834
58038
8851
45340
39410
63613
25952
30793
53814
59836
79157
8727
46428
54104
75082
68652
5658
52189
36974
82472
23706
59
87518
42355
59875
40838
66043
88780
58157
6010
56698
20279
11354
3257
42507
33863
21304
68032
38215
39464
81322
52671
51022
75602
38775
68639
62011
60529
21045
64052
28144
9308
64792
15167
46443
52712
34870
11227
36925
88554
75591
30701
55126
91488
55057
64344
18129
98223
80712
3498
41673
79435
91640
68365
70559
86389
59467
74243
72835
5843
14154
50981
43730
68646
73528
75406
43636
71874
82571
90617
26304
33030
69321
62230
80748
94017
68710
21164
61321
33682
838
8651
93483
68377
44099
27010
24874
50265
75941
35973
95629
60973
40774
90873
319
20965
48922
80627
57751
51797
9853
36495
98566
16656
31519
79884
76402
30834
10374
13020
27179
91857
61120
39865
77622
60421
57318
30175
7539
85206
94238
77004
92494
23812
9762
34910
60692
13503
20715
80621
34844
96157
58401
77732
7190
92551
72737
28183
68156
2729
69196
60829
92510
53375
62434
14369
53818
54541
40793
57387
5009
90818
34201
65066
40423
40848
27758
9728
82464
63886
99260
7487
22621
44851
4788
66197
13786
54986
73123
8245
43125
16902
64236
74153
99136
81970
79667
91389
57454
70970
44362
44354
79140
14439
20031
75627
3429
59319
90806
95859
38856
33653
1034
21666
55107
84226
92232
91186
98251
62354
34713
63019
15056
26232
46526
53336
60455
68400
98428
73713
48927
29749
62361
93699
62230
52092
99821
52330
857
45951
18755
93688
87961
60020
11935
31776
55171
85378
91327
15790
76814
81010
43045
68830
41462
3252
92286
70274
90944
21343
50431
11481
44925
16216
13886
4292
84899
38833
15764
54018
6424
31745
6240
22928
42601
62624
4692
43969
95188
23855
49557
58046
86827
73527
44361
632
73812
16780
66071
29869
99373
75147
5316
94333
80426
92658
18915
54124
11245
43147
28681
95204
13115
37535
24708
59860
94889
2475
55444
45209
68393
40015
63397
73186
45809
35300
20550
16648
24131
37927
27729
77095
68688
30081
62691
29454
17303
76084
90313
72068
65763
46335
45178
18473
98727
94827
85523
14904
74779
31216
8424
56055
79845
82044
78383
51292
71896
74535
22415
47467
33120
8516
36325
19185
3516
26675
86443
81228
52364
29513
70128
20767
24365
26965
11184
15477
41657
38974
85917
2966
71981
48845
80819
13418
54270
44610
75698
68897
1480
54082
16681
80352
4840
57388
44915
55562
35190
48861
39566
96625
26913
33615
54245
17087
70593
34338
72375
50995
52095
81406
44855
30597
59373
90850
9178
63715
14091
22922
38804
89672
81159
35306
20012
39194
30160
66283
58334
15609
48949
85297
36926
52090
28335
83159
25441
22153
83951
1432
59220
49763
25470
41277
